# INTERCTION ENERGIES IN SOLUTION AND IN VACUUM (UNSCALED AND SCALED)
# GROUP     DISTANCE     E^SOLV      E^VAC     E^NUCS
 0 BACK 19.9437 2.03961 83.5277 0.287778
 1 SIDE 19.3856 2.57326E-03 78.4575 0.212848
 1 BACK 17.4079 1.667669E-02 3.4516 7.09107E-02
 2 BACK 16.8552 -0.946039 -1.08601 -0.98583
 3 BACK 14.2103 -1.03925 6.82623 -0.464626
 3 SIDE 17.3739 -4.966772E-02 -115.846 -1.1897
 4 BACK 12.504 -4.43016 -8.50558 -5.72774
 4 SIDE 12.8858 -0.884917 -0.224258 4.77602E-02
 5 BACK 13.5085 0.545289 -0.399256 0.374732
 5 SIDE 14.0816 4.066216E-03 -1.25686 -2.216578E-02
 6 SIDE 16.7927 -1.19305 -1.70996 -1.00851
 23 BACK 11.8746 -1.41665 -5.81249 -2.8456
 23 SIDE 14.536 -0.605363 -0.401618 -0.304127
 24 BACK 14.6971 4.186501E-02 1.62574 0.193113
 24 SIDE 13.6642 -0.836994 0.695899 -0.943928
 25 BACK 17.1861 4.407647E-04 1.4444 1.251408E-02
 25 SIDE 15.703 3.422378E-02 -7.877613E-02 3.489668E-02
 26 BACK 18.0203 -2.242149E-02 2.05729 9.260997E-02
 26 SIDE 19.0691 2.168852E-06 71.6269 5.765076E-03
 27 BACK 18.0736 -3.734014E-03 1.20551 3.689507E-02
 27 SIDE 16.7811 -2.170799E-02 0.190955 1.934927E-03
 28 BACK 16.5779 -0.266493 1.182 0.111066
 29 BACK 13.4469 -0.295897 -0.409826 -0.265765
 29 SIDE 17.6931 2.76151E-02 -5.814163E-02 1.016192E-02
 30 BACK 11.7586 -7.91306 -5.45974 -7.68119
 30 SIDE 12.6156 0.142939 0.564782 0.225033
 31 SIDE 13.3839 -0.493285 -1.79972 -0.243664
 48 BACK 15.0777 -3.738406E-02 2.06992 0.225146
 48 SIDE 14.532 -0.719526 -0.883647 -0.447401
 49 BACK 14.5569 -7.3067 -2.38746 -4.07369
 49 SIDE 17.3511 5.210416E-02 -105.326 -1.15743
 50 BACK 12.5404 -6.62048 -4.7258 -4.38317
 50 SIDE 12.9249 1.324276E-03 -141.779 -0.216256
 51 BACK 14.5506 -1.31104 -1.30225 -0.861284
 51 SIDE 11.1925 -0.483093 0.155179 -0.172953
 52 BACK 16.9279 -0.715647 1.05844 -0.267659
 52 SIDE 18.0198 5.007402E-02 -7.565508E-02 3.425581E-02
 53 BACK 16.1783 -0.722178 2.31307 -4.675438E-02
 53 SIDE 18.0251 -9.37275E-04 103.964 0.142116
 54 BACK 15.3705 -0.461646 -0.536367 -0.503898
 54 SIDE 13.9888 3.469033E-02 -1.40506 -8.459596E-02
 55 BACK 16.9308 -0.339716 0.667797 -0.380498
 55 SIDE 13.3839 -0.109876 -1.21408 -0.206513
 56 BACK 19.9506 -6.337652E-08 2.20296 1.676675E-04
 57 BACK 23.0211 6.054448E-05 -1.21045 -2.945139E-03
 58 BACK 24.7012 -2.110976E-05 -70.0545 -1.759779E-02
 58 SIDE 25.7257 -9.521632E-06 -0.211433 -6.243489E-04
