1.87593
1.93718
1.72154
1.93002
1.77227
1.81833
1.92396
1.99481
1.68213
1.77108
1.68424
1.9453
1.7516
1.91547
2.04103
1.88869
1.71759
1.88399
2.18257
1.78139
1.79655
1.91889
2.07959
1.77581
1.94769
1.71709
1.96487
1.74449
1.71331
1.84363
1.99425
1.77697
1.83392
1.75883
1.83845
1.6605
1.74118
1.79953
1.80339
1.76518
1.92911
1.89935
1.73746
1.69823
1.82634
1.82519
1.97707
1.88006
1.8277
1.92811
1.89978
1.80168
1.79936
1.88035
1.95579
1.78768
1.92624
1.98122
2.08377
2.01393
1.82345
2.12086
1.93806
1.93391
1.72213
1.73672
1.92356
1.81253
1.91335
1.92187
1.83714
1.85843
1.86706
1.82131
1.87644
1.86341
1.89648
1.94422
1.82139
1.76144
1.74922
1.76467
1.91563
1.95814
1.81797
1.74625
1.74965
1.89551
1.73022
1.82688
1.83291
1.8537
1.79287
1.80316
1.76705
1.8852
1.83087
1.8176
1.87377
1.79252
1.75689
1.93702
1.78104
1.84465
1.88283
1.82244
1.94386
1.77063
1.8699
1.88389
1.90654
1.85054
1.95446
1.72391
1.79206
1.94385
1.77909
1.7198
1.80663
1.90515
1.89489
1.91383
1.8689
2.0009
1.7773
1.90257
2.00943
1.90945
1.96381
1.88083
1.83599
1.79088
1.81407
1.99609
1.66542
1.77677
2.02622
1.90161
1.8348
1.75434
1.91453
1.88019
1.8142
1.57859
1.96912
1.76467
1.93408
1.72774
2.09363
1.89958
1.64058
2.00269
1.81549
1.64853
1.7774
2.36199
1.85305
1.94415
2.04284
1.98578
1.87827
1.87214
1.81353
1.78278
2.04983
1.93432
1.86683
1.91096
1.71971
1.77446
1.72631
1.84541
1.74662
1.96008
1.93079
2.04119
1.93704
1.80403
1.72743
1.86932
1.7926
1.90185
1.88993
1.82775
1.76909
1.83225
1.81886
1.78527
1.82787
1.89373
1.819
1.69131
1.84579
2.03798
1.92287
1.8281
1.66225
1.68445
1.92998
1.88762
1.73359
1.88484
1.72555
1.89717
1.83849
1.84258
1.94004
2.08387
1.62636
2.04362
1.77594
1.84705
1.7112
1.82677
1.88789
1.86118
1.83724
1.83844
1.88846
1.83057
1.89406
1.84365
1.84159
1.7619
1.73712
1.81912
1.76051
1.78942
1.89515
1.70451
1.77809
1.84222
1.7656
1.73715
1.99075
1.87112
1.6735
1.85942
1.87655
1.77727
2.18337
1.81162
1.75107
1.90582
1.92468
1.8187
1.9151
1.97725
1.91666
1.90786
