1.74193
1.65633
1.86296
1.69793
1.62393
1.61234
1.56889
1.6431
1.7848
1.68569
1.73574
1.47237
1.68311
1.75168
1.62193
1.54229
1.505
1.62661
1.62678
1.59145
1.70949
1.60821
1.58848
1.61793
1.60595
1.5476
1.69323
1.601
1.55565
1.65688
1.5793
1.54271
1.68986
1.74175
1.66969
1.68844
1.71126
1.64528
1.66303
1.55634
1.73886
1.70974
1.72767
1.58639
1.6576
1.62076
1.65794
1.64046
1.72734
1.49821
1.62988
1.64724
1.52569
1.72805
1.68112
1.53616
1.65435
1.72334
1.53326
1.53688
1.62983
1.7414
1.56921
1.59654
1.81813
1.60811
1.56072
1.62191
1.6092
1.6304
1.56525
1.71191
1.63108
1.57863
1.68089
1.69541
1.62553
1.67745
1.68478
1.57302
1.52764
1.62291
1.7026
1.56782
1.54156
1.56369
1.54624
1.60173
1.55021
1.55428
1.56816
1.63346
1.64534
1.69117
1.6313
1.52528
1.78687
1.5565
1.60833
1.59553
1.56929
1.63337
1.66997
1.70993
1.61593
1.65093
1.64564
1.74371
1.72875
1.50268
1.5561
1.80301
1.66407
1.56718
1.69194
1.55009
1.69487
1.73005
1.69723
1.57334
1.63188
1.56118
1.65921
1.58676
1.63044
1.69849
1.61287
1.60283
1.68185
1.61022
1.5493
1.56608
1.82832
1.76165
1.61321
1.60415
1.66485
1.68585
1.67233
1.71414
1.59994
1.64836
1.59978
1.58897
1.61684
1.63904
1.61742
1.64043
1.587
1.79067
1.54701
1.62414
1.69245
1.6063
1.5854
1.63234
1.59578
1.67324
1.65255
1.77708
1.65991
1.5517
1.6039
1.59718
1.59587
1.63731
1.55385
1.66835
1.66667
1.73668
1.62166
1.47596
1.61538
1.60363
1.67748
1.56642
1.65962
1.69818
1.66276
1.60025
1.54048
1.63675
1.84789
1.56441
1.5113
1.78955
1.65551
1.60509
1.63712
1.54151
1.57643
1.5835
1.6552
1.63235
1.65285
1.52951
1.55281
1.60194
1.57973
1.76382
1.56838
1.49618
1.64433
1.76601
1.61158
1.53342
1.57998
1.66455
1.63731
1.69255
1.67836
1.55775
1.66544
1.62374
1.69789
1.63514
1.48456
1.73313
1.6063
1.65247
1.63228
1.60987
1.61252
1.69872
1.58478
1.61834
1.62188
1.60218
1.5377
1.62835
1.66697
1.57789
1.52047
1.52752
1.723
1.7244
1.54907
1.6184
1.5408
1.59835
1.52122
1.60234
1.5422
1.61107
1.60614
1.55569
1.61299
1.65533
1.57288
1.76105
