1.91249
2.02145
2.03411
2.62438
2.02147
2.18908
2.06766
1.97164
2.13022
2.44377
2.05555
2.15665
2.07774
2.09076
2.01717
1.89017
2.2187
2.02807
2.28679
2.0109
1.96802
2.03115
2.1179
2.49982
2.09162
2.15196
2.39382
2.08867
2.08407
2.06952
1.81506
2.13883
2.54982
2.1028
2.18366
2.06151
1.98243
2.28928
2.02581
2.19765
2.24167
2.28331
2.29092
2.22392
1.99975
2.36429
2.16046
2.0828
2.04873
1.96441
2.26139
2.06787
2.12776
2.29913
2.10433
2.32282
2.17841
2.12458
2.22153
2.03851
2.08719
2.15219
2.41211
1.92816
2.0461
1.97045
2.385
2.1695
2.40037
1.89227
2.001
2.15558
2.16082
2.08605
2.51509
2.36194
2.0075
2.13533
2.2567
2.32659
2.36708
2.30377
2.11367
2.45707
2.49882
2.14744
2.08947
2.51827
2.45707
2.32899
2.17258
2.06726
2.58736
2.53965
1.97593
2.35379
2.26842
2.19898
2.24423
2.04265
2.14637
2.0226
2.59965
2.159
2.06043
2.62253
2.35077
2.22713
2.28082
2.2503
2.40631
2.11227
2.24867
2.20553
1.99641
2.25202
2.12251
2.39553
2.49507
2.27007
2.36813
2.45979
1.88227
2.19607
2.21561
2.08616
1.99166
2.18146
2.25565
2.62962
2.29232
2.15426
2.30322
2.24829
2.48348
2.31472
2.39711
2.23909
2.29171
2.18675
2.53047
2.35769
2.13741
2.44612
2.33855
2.60472
2.35071
2.19678
2.49989
2.51941
2.43647
2.32941
2.36878
2.12129
2.08328
2.22384
2.08219
2.12795
2.49677
2.28134
2.47016
2.66265
2.21373
2.66626
2.28148
2.31621
2.11053
2.26916
2.36398
2.12395
2.18551
2.3335
2.16986
2.14505
2.43341
2.10612
2.38104
2.33777
2.34873
2.16938
2.31545
2.34571
2.46896
2.34663
2.25929
2.25801
2.56173
2.4644
2.29713
2.3698
2.55221
2.24711
2.18987
2.12076
2.18614
2.42325
2.29355
2.2827
2.32772
2.33823
2.3604
2.18882
2.01442
2.3106
2.05524
2.21022
2.11119
2.39383
2.36716
2.36381
2.35175
2.03523
2.72677
2.03802
1.99269
2.26514
2.35393
2.31877
2.16076
2.31489
2.42211
2.27434
2.25928
2.2024
2.20905
2.35439
2.24391
2.14801
2.39421
2.41648
2.35514
2.21171
2.43163
2.15606
2.34043
2.18508
2.50745
2.09311
2.29447
2.32806
2.26645
2.13382
2.51014
2.06332
2.21687
2.3553
2.14689
2.137
2.13725
2.37167
