6.99994
6.5916
6.55556
4.77678
6.53454
5.83208
5.73209
3.72423
4.74628
3.51686
2.91788
7.07779
2.60662
3.38602
2.9025
4.06133
7.70057
8.08921
9.22412
8.01992
9.087
8.32672
6.07886
8.43579
9.21991
6.9308
8.03943
7.55209
6.97484
5.26194
6.78161
6.98562
6.53397
7.6571
7.60307
5.3177
5.47335
6.75346
9.04535
7.2003
4.96606
3.88289
5.06585
3.83315
4.14627
5.87027
7.6463
9.1298
7.87282
8.50345
4.78635
7.68461
4.7802
4.33149
3.29507
6.38385
7.56822
3.25347
5.91101
6.88253
7.84569
6.62244
9.38939
8.33901
6.68859
6.76951
5.49835
3.49917
5.71653
1.67067
6.75851
6.05556
4.20899
5.46527
5.09359
5.66424
7.60351
6.98948
5.90141
6.0516
6.65024
5.00508
6.97357
5.33933
5.43084
7.00924
5.50112
5.93273
4.62172
4.23362
6.94327
2.90793
2.52172
2.94052
1.90302
1.61392
6.06269
6.53079
5.39816
5.12013
4.37407
6.41668
5.70514
5.08015
6.88156
7.8215
7.30022
7.59465
7.80696
5.15307
6.29214
6.27237
3.09191
6.80852
4.36623
6.22217
4.41391
5.48449
4.86582
3.04531
2.98489
4.71703
3.10692
4.06579
2.80523
4.43864
4.29186
4.74524
5.30014
4.23446
4.14978
4.39715
4.91743
1.88313
5.40015
1.68081
1.82919
1.76038
6.50928
6.15135
3.52055
4.57371
3.24043
1.76456
3.38933
3.66842
3.43728
7.53444
5.62618
4.82394
3.48732
7.2625
5.02572
5.25804
3.89472
1.64575
2.41741
1.69435
2.25495
1.94066
1.68875
1.91273
1.45664
1.57858
3.65874
1.65576
1.71698
1.66039
3.08313
1.51703
1.81426
2.47272
1.57709
3.66496
5.8854
5.73896
6.49362
5.2668
5.71215
5.61504
3.8123
7.52174
8.77376
9.23714
5.20707
4.79672
8.67639
7.24495
7.9627
4.5873
4.151
1.86163
4.30519
4.14104
3.98008
5.05159
4.57385
5.79187
6.12291
8.05718
5.57875
2.87532
5.29926
6.79791
1.59949
1.62967
1.7548
3.67568
5.38996
2.34732
1.68548
1.67654
1.7113
1.48865
1.56979
2.92771
2.06094
1.63557
3.31486
3.74699
4.04089
5.51957
9.21543
4.62692
6.51647
6.45192
7.70887
6.44794
5.41246
7.53193
5.49833
6.25896
6.00919
7.57078
7.05643
5.62359
6.28721
4.26551
2.80014
2.01485
2.98963
2.16813
2.2465
3.69716
4.16624
2.38988
2.23497
2.06649
1.66897
1.84007
2.04508
1.7974
2.70063
1.6854
1.71695
1.76228
1.64327
3.31825
4.27738
4.61906
5.86931
5.99208
3.33978
1.81725
2.48734
3.28236
3.83214
5.67257
4.15648
3.82528
5.126
4.62881
1.80206
2.43196
2.29296
1.90009
2.46349
1.57588
5.31908
3.8367
6.63176
7.88588
7.03285
5.16566
4.42064
5.6877
4.85119
4.58542
4.95504
1.72838
1.64967
1.80977
1.76489
4.75556
7.3307
5.05088
4.70485
1.6263
3.12986
4.8256
1.57702
2.71626
2.88069
3.41863
3.47238
3.72913
3.85628
3.42429
3.38457
3.79379
3.46985
3.88609
7.92424
1.8661
1.91984
4.67939
1.98748
3.67213
1.7364
1.65032
1.75102
1.75177
1.80045
1.84228
5.5801
1.94004
4.74517
2.93277
1.74854
5.05921
4.84706
6.53739
6.31984
8.11802
6.45818
7.2253
6.235
3.20913
3.64523
2.77445
3.36167
5.36341
4.72599
4.6599
4.49214
6.63453
7.0809
8.01133
8.90445
7.88461
8.53323
4.9902
5.47683
5.59618
5.85005
8.29333
6.66983
8.6875
4.15256
5.4235
6.191
3.25029
1.59611
1.84697
5.3906
9.01568
7.86926
8.17742
7.51488
8.62967
6.91056
6.91731
7.4869
4.8128
6.01404
8.23544
4.75613
4.66111
6.02994
3.92741
6.2078
4.301
7.58651
8.25549
8.13102
4.89149
3.26505
4.27293
6.82162
6.94675
5.32853
4.89989
3.69387
1.67507
1.86901
1.74473
5.2819
1.71509
1.62704
1.6632
2.0323
2.34601
1.63757
1.87677
1.78386
2.12639
1.64863
3.01921
2.12359
2.94987
1.98746
1.71343
5.04171
3.47649
4.50609
3.96373
3.43855
1.72659
1.80052
1.61815
1.84616
2.24433
2.7006
2.76352
2.66329
2.83763
3.02374
2.51032
2.29777
2.0033
1.95628
3.67555
1.95012
4.43103
4.37851
3.53353
3.75504
1.60178
2.05384
2.15246
3.07695
2.53832
2.6107
2.75723
2.7861
6.0048
7.60958
6.40309
7.23901
4.36463
7.77311
6.59403
6.48104
8.0189
3.72476
6.82333
7.29336
8.03116
5.12373
5.40636
5.67311
6.21368
6.27094
5.52823
8.21538
4.78175
8.89049
8.09887
4.15436
4.40189
6.16541
11.0512
7.99821
6.77185
6.20866
2.72755
1.60409
1.89098
3.71732
3.13332
4.2503
4.01711
4.83041
4.45111
3.33142
2.65942
2.98436
1.79677
1.73788
3.66185
3.85714
2.0043
1.83893
2.61919
2.05743
1.96992
1.70511
1.79706
2.8827
5.4519
