92224
H 2 41.6921 5.6446 15.9367
C 6 39.4656 3.22601 15.3774
N 0 41.0742 4.86852 16.1029
H 1 40.3259 5.1704 16.8075
H 2 41.6921 5.6446 15.9367
H 3 41.6261 4.07893 16.5985
C 4 40.4781 4.33542 14.8733
H 5 41.2704 3.8895 14.3345
C 6 39.4656 3.22601 15.3774
H 7 38.5269 3.69364 15.7435
H 8 39.8738 2.68392 16.2597
C 9 39.0918 2.28391 14.2665
O 10 39.4466 1.09716 14.3471
O 11 38.5996 2.73594 13.1995
C 12 39.7775 5.36613 13.9316
O 13 40.0781 5.55848 12.769
N 14 38.7178 5.97998 14.4579
H 15 38.5746 5.97851 15.4809
C 16 37.5815 6.54485 13.7302
H 17 37.1557 5.72599 13.1482
C 18 36.4631 7.07762 14.7022
H 20 36.4271 6.40782 15.5601
H 29 39.1218 8.87406 13.8206
H 53 40.4478 7.93324 12.0951
H 58 42.0161 6.04323 11.5588
C 59 43.4235 7.63766 11.7198
O 60 43.4083 7.67362 13.0022
O 71 38.8604 3.36265 10.675
H 72 38.6741 3.31568 11.6441
H 6331 37.7683 -1.16341 13.7668
H 6334 36.4225 0.636739 12.8538
N 6339 38.8987 0.409841 11.6429
H 6341 38.9674 1.1103 12.4285
O 37126 42.2058 2.45423 17.5058
H 37127 42.3448 1.94592 18.3936
H 37128 42.6802 1.84879 16.9012
O 40318 45.1139 3.14055 14.999
H 40319 45.581 3.44938 15.8253
H 40320 44.9495 3.99242 14.5436
O 40324 40.9042 -1.04221 15.3719
H 40325 40.4591 -1.17062 16.2292
H 40326 40.2371 -0.443714 14.9503
O 40405 44.5025 5.33068 13.55
H 40406 45.1507 5.45648 12.8369
H 40407 44.0799 6.20079 13.4811
H 40463 43.6431 8.74924 19.1996
O 40555 38.902 6.16335 17.2814
H 40556 38.4735 5.95187 18.1597
H 40557 39.1561 7.07506 17.3837
O 40939 41.9454 1.64714 13.502
H 40940 41.0692 1.31801 13.7878
H 40941 41.6922 2.05412 12.6217
O 41011 41.5374 2.8769 11.1478
H 41012 40.6964 3.22234 10.7793
O 45955 41.9691 4.98417 18.8356
H 45956 41.6235 4.84173 19.7466
H 45957 42.1957 4.05344 18.5696
O 46039 37.6748 0.280298 16.4792
H 46040 36.9669 0.937723 16.3436
H 46041 38.1881 0.396133 15.6708
H 46121 36.1208 5.41568 18.1831
O 46147 40.4055 9.01132 15.3313
H 46148 40.9771 9.82346 15.3467
H 46149 39.9242 9.02057 16.1898
O 46177 42.3083 7.101 15.4058
H 46178 42.6737 7.35428 14.5114
H 46179 41.6169 7.81648 15.5081
H 46184 46.4963 5.44737 16.8716
H 46188 44.6282 8.34847 14.0096
O 46189 35.4987 3.24882 16.1989
H 46190 35.2224 4.10945 16.5534
H 46191 35.6486 2.79759 17.0341
O 46273 39.2296 8.79654 17.7903
H 46274 39.8597 8.96636 18.5263
O 46462 46.2364 7.49082 16.6556
H 46464 45.747 7.95683 17.311
O 46483 43.6419 0.823775 15.6192
H 46484 44.2809 1.49342 15.3629
H 46485 43.0734 0.73851 14.8452
H 46494 39.017 -0.520732 17.676
O 46501 35.883 3.14965 13.4217
H 46502 36.8682 2.99804 13.3745
H 46503 35.7578 3.20504 14.4119
O 46504 43.36 7.26541 18.0796
H 46505 43.2267 7.26083 17.1263
H 46506 42.9516 6.42777 18.334
92224
H 2 41.5931 5.54404 15.6603
C 6 39.5138 2.931 15.5362
N 0 41.0875 4.75285 16.1107
H 1 40.3999 5.12666 16.8087
H 2 41.5931 5.54404 15.6603
H 3 41.7686 4.07601 16.6192
C 4 40.417 4.0584 14.999
H 5 41.222 3.6945 14.3336
C 6 39.5138 2.931 15.5362
H 7 38.6689 3.2778 16.1636
H 8 40.1564 2.26424 16.1796
C 9 39.1038 2.04004 14.3899
O 10 39.375 0.79122 14.4047
O 11 38.401 2.56922 13.482
C 12 39.6967 5.13126 14.2163
O 13 40.0345 5.39413 13.0752
N 14 38.6102 5.76428 14.717
H 15 38.4621 5.79584 15.7029
C 16 37.5219 6.29561 13.8912
H 17 37.0387 5.44114 13.4426
H 20 36.5491 6.57006 15.8674
N 28 38.5538 8.41058 12.9938
H 29 38.8971 8.5781 13.9156
H 53 40.98 8.32616 12.172
H 58 42.2707 6.28177 11.6235
O 60 43.3089 8.28251 13.0109
H 65 40.0019 5.82367 10.9466
O 71 39.0491 3.43301 10.916
H 72 38.6958 3.36296 11.8241
H 6331 37.9074 -1.21599 13.6792
H 6334 36.3396 0.562624 12.9396
N 6339 38.6077 0.641864 11.4776
H 6340 39.1874 -0.155504 11.8517
H 6341 38.5017 1.32454 12.2789
O 37126 42.4717 2.88268 17.6389
H 37127 42.3664 2.3786 18.4563
H 37128 42.9305 2.17491 17.07
O 40318 44.7038 3.17452 14.6355
H 40319 45.2975 3.3559 15.3898
H 40320 44.4505 4.08202 14.3759
O 40324 40.6777 -1.22939 15.3617
H 40325 40.571 -1.27589 16.3079
H 40326 40.0316 -0.520877 15.1466
O 40405 44.5678 5.57138 13.6363
H 40406 45.3078 5.71307 13.0487
H 40407 44.2094 6.42611 13.6235
H 40463 43.234 8.69799 19.0133
O 40555 38.8888 5.98535 17.4737
H 40556 38.1961 5.71788 18.075
H 40557 39.1372 6.92187 17.734
O 40939 42.2556 1.0239 13.2969
H 40940 41.5541 0.394917 13.4598
H 40941 41.887 1.40301 12.4956
O 41011 41.6517 2.59059 11.2179
H 41012 40.7874 3.02485 10.9779
O 45955 42.07 5.80878 18.8223
H 45956 41.5698 5.97182 19.6615
H 45957 42.457 4.98212 19.0842
O 46039 37.1174 0.167197 16.3764
H 46040 36.4941 0.88339 16.3601
H 46041 37.7566 0.418451 15.6943
O 46138 42.1994 10.4195 15.9403
O 46147 39.9897 8.96572 15.5084
H 46148 40.6917 9.64612 15.5752
H 46149 39.6492 8.81163 16.4403
O 46177 42.0417 7.16064 15.0475
H 46178 42.5763 7.61357 14.3829
H 46179 41.3742 7.85776 15.199
O 46186 45.4369 8.08253 14.6494
H 46187 45.2839 8.82394 15.2471
H 46188 44.706 8.32978 14.0116
O 46189 36.2058 2.95864 16.608
H 46190 35.722 3.78653 16.8455
H 46191 36.1559 2.59035 17.5142
O 46273 39.4233 8.4543 18.1991
H 46274 40.0185 8.74981 18.8874
H 46463 46.3252 6.70865 15.8246
H 46464 45.8326 6.5892 17.2187
O 46483 43.3709 1.15038 15.8084
H 46484 44.04 1.6871 15.3148
H 46485 42.8148 0.918266 15.0298
O 46492 38.9719 -1.05783 18.1263
H 46494 38.2987 -0.414405 17.8582
O 46501 35.8592 3.26028 13.9142
H 46502 36.8235 3.0615 13.8264
H 46503 35.8363 3.19179 14.8706
O 46504 43.7535 7.28118 17.3738
H 46505 43.363 7.21259 16.4563
H 46506 43.1487 6.69551 17.9005
92224
H 2 42.1722 5.28145 15.8504
C 6 39.6374 3.03803 15.4342
N 0 41.3759 4.61651 16.0664
H 1 40.7199 5.08888 16.6883
H 2 42.1722 5.28145 15.8504
H 3 41.7398 3.80265 16.6301
C 4 40.5742 4.12413 14.8894
H 5 41.3009 3.68606 14.2129
C 6 39.6374 3.03803 15.4342
H 7 38.7314 3.49332 15.8854
H 8 40.087 2.35726 16.1947
C 9 39.0507 2.21247 14.3163
O 10 39.1274 0.959082 14.3449
O 11 38.4529 2.83693 13.4165
C 12 39.7581 5.22946 14.1156
O 13 40.0001 5.50358 12.935
N 14 38.8368 5.92985 14.7635
H 15 38.778 5.85592 15.7267
C 16 37.6674 6.42743 14.0887
H 17 37.2471 5.55316 13.6165
H 20 36.7827 6.67556 16.1131
H 53 40.6093 7.84485 12.2588
H 58 42.39 6.27484 11.9484
C 59 43.4667 8.16494 11.9786
O 60 43.1606 8.34603 13.1948
O 71 39.369 3.11571 10.9674
H 72 39.0772 3.11135 11.9205
H 6331 37.6482 -1.22777 13.8197
H 6334 36.2734 0.652283 12.9553
N 6339 38.7856 0.271631 11.8258
H 6340 39.1544 -0.632935 12.1474
H 6341 38.7607 0.949779 12.635
H 6342 39.5119 0.5794 11.1189
O 37126 42.1133 2.49055 17.5992
H 37127 41.9446 2.17184 18.5159
H 37128 42.3118 1.67764 17.1896
O 40318 44.4671 3.08344 14.9335
H 40319 45.3048 3.01089 15.4521
H 40320 44.5983 3.94493 14.4954
O 40324 40.4605 -1.12016 15.19
H 40325 40.409 -0.868059 16.1164
H 40326 40.0517 -0.321179 14.7833
O 40405 45.178 5.51101 13.3711
H 40406 45.5427 5.6681 12.4888
H 40407 45.5327 6.25211 13.9314
H 40463 42.8528 8.91608 18.7605
O 40555 39.6042 5.88645 17.6191
H 40556 39.2647 5.54707 18.49
H 40557 39.4235 6.83343 17.6905
H 40616 44.7151 2.8785 13.0906
H 40617 43.6511 2.61628 12.0445
O 40939 42.1883 0.624924 13.2929
H 40940 41.7183 -0.179629 13.0172
H 40941 42.1498 1.21494 12.4882
O 41011 42.1194 2.43999 11.2409
H 41012 41.1736 2.66324 11.0604
O 45955 42.4571 7.32568 19.2206
H 45956 41.6744 6.82319 19.3761
H 45957 42.89 7.24616 20.1181
O 46039 37.4184 0.312314 16.4282
H 46040 37.0091 1.19529 16.5302
H 46041 37.89 0.424936 15.5765
O 46147 39.9145 8.65009 15.763
H 46148 40.4731 9.45703 15.6309
H 46149 39.7803 8.62512 16.7189
O 46177 42.3574 7.16344 15.4043
H 46178 42.5946 7.64293 14.5593
H 46179 41.5624 7.66268 15.628
O 46186 45.4402 8.45879 14.6836
H 46187 45.092 9.1043 15.332
H 46188 44.69 8.36531 14.0926
O 46189 35.9668 2.89741 16.6528
H 46190 35.8635 3.70867 17.2027
H 46191 35.8289 2.24457 17.3919
O 46462 46.6597 6.23869 16.019
H 46463 46.464 7.188 15.7362
H 46464 45.8659 6.01444 16.5567
O 46483 42.988 0.755105 15.8318
H 46484 43.7443 1.36141 15.6934
H 46485 42.5843 0.658374 14.9378
O 46492 39.4348 -0.911564 17.779
H 46494 38.6383 -0.376937 17.4755
O 46501 35.9576 3.21156 14.0199
H 46502 36.8734 3.1531 13.8247
H 46503 35.9613 3.14855 15.0013
O 46504 44.1464 6.12367 17.2869
H 46505 43.5923 6.54541 16.6085
H 46506 43.7321 6.43383 18.1469
H 46506 43.1487 6.69551 17.9005
92224
H 2 42.1715 5.19362 16.0707
C 6 39.6496 2.96709 15.7607
N 0 41.3226 4.63614 16.3903
H 1 40.6322 5.18104 16.9783
H 2 42.1715 5.19362 16.0707
H 3 41.78 3.90854 16.9936
C 4 40.6666 4.01931 15.1763
H 5 41.474 3.56949 14.6081
C 6 39.6496 2.96709 15.7607
H 7 38.8975 3.46433 16.3578
H 8 40.244 2.28256 16.4068
C 9 39.0556 2.15786 14.6619
O 10 39.1817 0.92554 14.7236
O 11 38.4302 2.68404 13.723
C 12 39.9778 5.04232 14.2839
O 13 40.4219 5.25389 13.1509
N 14 38.8804 5.6965 14.8103
H 15 38.7123 5.6497 15.8079
C 16 37.7351 6.19339 14.1145
H 17 37.2768 5.35447 13.593
C 18 36.6854 6.69317 15.1423
H 20 36.7323 5.99186 16.0183
H 29 39.0394 8.48639 14.3198
H 53 41.0332 8.17718 12.5116
H 58 42.7269 6.39922 12.2072
O 60 43.5168 8.59752 13.1213
O 71 39.3197 3.27856 11.2419
H 72 38.9874 3.24728 12.1575
H 6334 36.7089 0.615504 13.171
N 6339 39.2298 0.307954 12.038
H 6341 39.244 0.847792 12.9261
H 6342 39.7393 0.858833 11.3291
O 37126 42.2827 2.54471 18.0835
H 37127 42.0684 2.11119 18.8949
H 37128 42.6672 1.83363 17.4953
O 40318 44.4826 3.17362 15.0534
H 40319 45.2848 3.23358 15.5856
H 40320 44.5494 4.00935 14.5406
O 40324 40.4199 -1.22388 15.2409
H 40325 39.7321 -1.30568 15.9197
H 40326 40.2342 -0.312908 14.974
O 40405 44.8519 5.81767 13.7454
H 40406 45.4979 5.95838 13.0062
H 40407 45.094 6.51097 14.3392
H 40463 43.3165 8.36951 18.8758
O 40555 39.1995 6.1615 17.6627
H 40556 38.8607 6.04274 18.5427
H 40557 39.0748 7.11692 17.6248
H 40616 44.8613 2.63032 13.0655
H 40617 44.0337 3.23899 11.8988
H 40761 40.818 -0.959492 18.5544
O 40939 42.3494 0.872176 13.0927
H 40941 42.3801 1.64693 12.4633
H 41012 41.1791 3.12837 11.4073
O 45955 42.4316 6.41632 18.8687
H 45956 41.5584 6.41931 19.3342
H 45957 43.0235 6.73582 19.5828
O 46039 37.1311 0.395061 16.5986
H 46040 36.6819 1.28762 16.5482
H 46041 37.8302 0.422079 15.8722
O 46147 40.1432 9.19571 15.7534
H 46149 39.9537 9.14368 16.7036
O 46177 42.0855 7.29958 14.9534
H 46178 42.4158 7.72192 14.1163
H 46179 41.4663 8.0157 15.254
O 46183 46.7996 3.60054 16.4671
H 46184 46.9468 4.5633 16.3076
O 46186 45.3836 8.45478 15.0697
H 46187 45.0682 9.23211 15.5819
H 46188 44.6439 8.40742 14.4067
O 46189 35.7787 3.10153 16.7543
H 46190 35.6362 4.00854 17.1099
H 46191 35.4626 2.60169 17.549
O 46462 46.6002 6.34068 16.6572
H 46463 46.5906 7.23202 16.3052
H 46464 45.6044 6.20721 16.819
O 46483 43.1119 0.936518 15.7717
H 46484 43.5713 1.73224 15.501
H 46485 42.6836 0.586139 14.9538
O 46492 39.0939 -1.22377 17.8165
H 46494 38.476 -0.531649 17.5668
O 46501 35.9507 3.12508 13.9958
H 46502 36.9004 2.87984 13.857
H 46503 35.8988 3.00033 14.9351
O 46504 43.8723 6.15402 16.6292
H 46505 43.2919 6.5988 15.9624
H 46506 43.423 6.38431 17.4435
H 77609 42.7018 4.40108 20.3112
H 46506 43.1487 6.69551 17.9005
92224
H 2 42.0465 5.57157 15.9467
C 6 39.6945 3.08811 15.6695
N 0 41.2966 4.90199 16.2749
H 1 40.5931 5.38353 16.8746
H 2 42.0465 5.57157 15.9467
H 3 41.7308 4.16567 16.8439
C 4 40.6011 4.24874 15.1485
H 5 41.3893 3.79827 14.5243
C 6 39.6945 3.08811 15.6695
H 7 38.902 3.41593 16.331
H 8 40.3727 2.43783 16.2712
C 9 39.2206 2.20726 14.5701
O 10 39.2301 0.973506 14.6967
O 11 38.7872 2.7064 13.5116
C 12 39.8493 5.28186 14.2703
O 13 40.2829 5.57067 13.1592
N 14 38.6942 5.80712 14.7888
H 15 38.506 5.71727 15.7884
C 16 37.6382 6.51432 14.0441
H 17 37.1876 5.69412 13.4969
H 20 36.6532 6.56032 15.9756
H 29 39.0833 8.87084 14.1
H 53 40.7894 7.93229 12.2377
H 58 42.6501 6.278 11.6578
O 60 43.2689 8.6076 12.8624
O 71 39.6082 3.43899 11.2399
H 72 39.2509 3.34439 12.1745
H 6334 36.714 0.671467 12.9426
N 6339 39.1778 0.394852 11.9296
H 6340 39.6192 -0.439345 12.3304
H 6341 38.9913 1.05323 12.7495
H 6342 39.7789 0.856143 11.1994
O 37126 42.2247 2.69294 17.7297
H 37127 42.1334 2.16922 18.5438
H 37128 42.5415 2.0601 17.0642
O 40318 44.8268 3.1913 14.9851
H 40319 45.5162 3.26773 15.6715
H 40320 44.7799 4.12067 14.8331
O 40324 40.6673 -1.07495 15.3169
H 40325 40.3184 -1.14853 16.203
H 40326 40.1589 -0.287138 15.0582
O 40405 44.9947 5.71822 14.0717
H 40406 45.6158 5.9274 13.3729
H 40407 44.9294 6.60653 14.495
O 40492 44.0006 10.1051 16.5759
H 40493 43.9115 9.89094 17.5269
O 40555 39.5366 6.32935 17.8269
H 40556 39.063 6.0633 18.6425
H 40557 39.8663 7.21915 18.0636
H 40616 45.3844 3.39529 13.0971
H 40617 44.2953 3.47341 12.0633
H 40761 40.3395 -0.932238 18.45
O 40939 42.5284 1.26406 12.9895
H 40940 42.3477 0.618092 12.2921
H 40941 42.6338 2.08067 12.3833
H 41012 41.5581 3.89191 11.214
O 45955 42.3718 5.80402 19.2935
H 45956 41.542 5.84026 19.7666
H 45957 42.986 6.25713 19.9277
O 46039 37.2108 0.472083 16.1778
H 46040 37.0379 1.41877 16.3427
H 46041 37.7549 0.477117 15.3438
O 46147 40.05 8.97516 15.6322
H 46148 40.5688 9.79609 15.5872
H 46149 40.013 8.80987 16.6435
O 46177 42.2163 7.38573 15.1207
H 46178 42.5032 7.64246 14.2073
H 46179 41.4271 7.96184 15.2255
O 46186 45.1715 8.1934 14.7741
H 46187 44.8636 8.87067 15.4302
H 46188 44.6074 8.39399 13.9639
O 46189 36.2585 2.88581 17.2106
H 46190 35.8113 3.72063 17.3036
H 46191 36.1279 2.54354 18.1107
O 46273 39.9133 8.87306 18.3638
O 46462 46.6627 6.68916 16.6343
H 46463 46.3749 7.26385 15.8555
H 46464 45.7999 6.30544 16.8196
O 46483 43.2304 1.10608 15.8598
H 46484 43.9947 1.64262 15.5293
H 46485 42.8812 0.859741 14.9902
O 46492 38.8738 -1.22166 17.7095
H 46494 38.3328 -0.419411 17.4028
O 46501 36.2767 3.37378 14.1476
H 46502 37.1564 3.0106 13.9252
H 46503 36.214 3.27118 15.1089
O 46504 44.1212 6.13701 17.1722
H 46505 43.7605 6.98979 16.871
H 46506 43.4178 5.7952 17.7989
H 77609 42.8982 3.917 20.3158
92224
H 2 42.2498 5.47259 15.7554
C 6 39.7807 3.16467 15.436
N 0 41.4963 4.77649 15.9895
H 1 40.8561 5.27309 16.6856
H 2 42.2498 5.47259 15.7554
H 3 41.8782 3.97292 16.5062
C 4 40.74 4.25197 14.8356
H 5 41.5182 3.88779 14.1679
C 6 39.7807 3.16467 15.436
H 7 38.9769 3.61701 16.0498
H 8 40.3089 2.40122 16.0862
C 9 39.0069 2.36274 14.3755
O 10 38.9345 1.11624 14.4506
O 11 38.5198 2.98918 13.3842
C 12 40.048 5.30228 14.0225
O 13 40.4678 5.62252 12.9189
N 14 39.0178 5.91242 14.5792
H 15 38.9074 5.86677 15.5712
C 16 37.8855 6.40456 13.785
H 17 37.4765 5.60138 13.2214
C 18 36.8302 6.88536 14.8352
H 20 36.866 6.1728 15.6815
H 29 39.0639 8.73131 14.1122
H 53 41.1967 8.17504 12.2678
H 58 42.5199 6.4207 11.7691
C 59 43.8933 8.0597 11.9442
O 60 43.6905 8.12251 13.1733
O 71 39.4555 3.65509 11.1011
H 72 38.9459 3.41754 11.8986
H 6331 38.1391 -1.10913 13.4473
H 6334 36.6954 0.899642 12.6774
N 6339 39.0409 0.646047 11.7082
H 6340 39.5023 -0.280123 11.9253
H 6341 38.8969 1.0805 12.6723
H 6342 39.6933 1.18152 11.0746
O 37126 42.0385 2.68521 17.7309
H 37127 41.9538 2.18336 18.5773
H 37128 42.6968 2.09312 17.3036
O 40318 45.2051 3.43806 14.9268
H 40319 45.9161 3.55212 15.5554
H 40320 45.0277 4.40833 14.8705
O 40324 40.5154 -0.83465 15.108
H 40325 40.0123 -1.01159 15.9179
H 40326 40.1268 0.0210924 14.8699
O 40405 44.835 5.84797 14.0398
H 40406 45.6096 5.81056 13.433
H 40407 44.3916 6.63949 13.7388
H 40493 44.2121 9.53735 17.7994
O 40555 39.427 6.11333 17.4623
H 40556 38.668 5.81764 18.0789
H 40557 39.6728 6.97596 17.8942
H 40616 45.1539 3.28886 13.0485
H 40617 44.2196 3.49964 11.9049
O 40939 42.6119 1.55202 13.0872
H 40940 43.2246 0.969159 12.6291
H 40941 42.4398 2.22145 12.3874
O 41011 42.4115 3.56721 11.3537
H 41012 41.5067 3.93726 11.3081
O 45955 42.2878 6.07246 19.1335
H 45956 41.3411 5.85458 19.4096
H 45957 42.7808 6.08739 20.0102
O 46039 37.1687 0.633235 16.6366
H 46040 36.8059 1.5577 16.6837
H 46041 37.7654 0.702077 15.8409
O 46147 39.9368 8.97565 15.681
H 46148 40.5921 9.71853 15.6453
H 46149 39.8016 8.86074 16.6127
O 46177 42.4215 7.40133 15.5223
H 46178 42.8061 7.8158 14.7361
H 46179 41.5967 7.92723 15.6445
O 46186 45.7264 8.65958 14.9968
H 46187 45.1128 9.11365 15.6442
H 46188 45.1708 8.38631 14.2355
O 46189 36.1128 3.0253 16.8897
H 46190 35.7843 3.94163 16.8201
H 46191 35.828 2.86268 17.8422
O 46273 39.8482 8.57627 18.5102
O 46462 46.8984 6.47664 16.4481
H 46463 46.5967 7.16757 15.8693
H 46464 46.0221 6.33171 16.8913
O 46483 43.5 1.29689 15.7411
H 46484 44.2038 1.89789 15.5993
H 46485 43.1903 1.16562 14.8082
H 46494 38.2827 -0.461388 17.3504
O 46501 35.9798 3.52908 14.1606
H 46502 36.905 3.32449 13.9343
H 46503 35.8971 3.20721 15.0774
O 46504 44.3514 6.41566 17.3025
H 46505 43.8419 6.96048 16.6759
H 46506 43.7716 6.23222 18.0468
