 OUTPUT OF INTERCTION ENERGY IN VACUUM AND SOLUTION
 GROUP           E^VAC_I  E^SOLV_I    DISTANCE  LAMBDA
 0 BACK 19.4182 0.28769  19.9437 1.481548E-02
 1 SIDE 17.6053 0.212842  19.3856 1.208965E-02
 1 BACK 0.301511 7.091032E-02  17.4079 0.235183
 2 BACK -1.02729 -0.985827  16.8552 0.959639
 3 BACK -0.464647 -1.03925  14.2103 1.0
 3 SIDE -28.4957 -1.18965  17.3739 4.17484E-02
 4 BACK -7.40536 -5.72772  12.504 0.773456
 4 SIDE 4.77597E-02 -0.884917  12.8858 1.0
 5 BACK 0.374734 0.545289  13.5085 1.0
 5 SIDE -0.120825 2.216526E-02  14.0816 0.183449
 6 SIDE -1.00851 -1.19305  16.7927 1.0
 23 BACK -5.7159 -2.8456  11.8746 0.497839
 23 SIDE -0.304125 -0.605363  14.536 1.0
 24 BACK 0.890786 0.193113  14.6971 0.216789
 24 SIDE -1.06451 -0.943921  13.6642 0.886719
 25 BACK 0.355314 1.251461E-02  17.1861 3.522127E-02
 25 SIDE 3.558329E-02 3.489694E-02  15.703 0.980711
 26 BACK 0.382513 -9.260871E-02  18.0203 0.242106
 26 SIDE 15.1712 5.707505E-03  19.0691 3.762066E-04
 27 BACK 0.364541 -3.689373E-02  18.0736 0.101206
 27 SIDE 1.934964E-03 -2.170799E-02  16.7811 1.0
 28 BACK 0.111068 -0.266493  16.5779 1.0
 29 BACK -0.265767 -0.295897  13.4469 1.0
 29 SIDE 1.016182E-02 2.76151E-02  17.6931 1.0
 30 BACK -7.68118 -7.91306  11.7586 1.0
 30 SIDE 0.354278 0.225033  12.6156 0.635188
 31 SIDE -0.243665 -0.493285  13.3839 1.0
 48 BACK 1.35598 -0.225151  15.0777 0.166043
 48 SIDE -0.447403 -0.719526  14.532 1.0
 49 BACK -4.07371 -7.3067  14.5569 1.0
 49 SIDE -25.7093 1.15736  17.3511 4.501717E-02
 50 BACK -4.38319 -6.62048  12.5404 1.0
 50 SIDE -35.3358 0.216385  12.9249 6.123676E-03
 51 BACK -0.861287 -1.31104  14.5506 1.0
 51 SIDE -0.172957 -0.483093  11.1925 1.0
 52 BACK -0.267663 -0.715647  16.9279 1.0
 52 SIDE 3.425587E-02 5.007402E-02  18.0198 1.0
 53 BACK -4.675747E-02 -0.722178  16.1783 1.0
 53 SIDE 21.5327 -0.142011  18.0251 6.595132E-03
 54 BACK -0.550017 -0.503898  15.3705 0.91615
 54 SIDE -0.206289 8.459405E-02  13.9888 0.410075
 55 BACK -0.426184 -0.380502  16.9308 0.892812
 55 SIDE -0.388137 -0.206511  13.3839 0.532057
 56 BACK 0.441228 -1.667803E-04  19.9506 3.779912E-04
 57 BACK -0.143244 2.94477E-03  23.0211 2.055772E-02
 58 BACK -14.6648 -1.759147E-02  24.7012 1.199571E-03
 58 SIDE -4.094076E-02 -6.243693E-04  25.7257 1.525055E-02
