0.5                 ,6300                ,0.7875              ,0.0186652           ,-0.0219145          ,-0.00324929         ,0.435886            ,-0.0256313          
0.5                 ,19524               ,2.4405              ,0.0359575           ,-0.0413724          ,-0.00541494         ,0.763317            ,0.00366811          
0.5                 ,7072                ,0.884               ,0.0209684           ,-0.0245488          ,-0.00358041         ,0.486385            ,-0.0268107          
0.5                 ,21586               ,2.69825             ,0.0606312           ,-0.0744058          ,-0.0137745          ,1.39467             ,-0.0160491          
0.5                 ,7772                ,0.9715              ,0.0332957           ,-0.0435769          ,-0.0102812          ,0.643574            ,-0.0397318          
0.5                 ,0,0,0,0,0,0,0
0.5                 ,na,na,na,na,na,na,na
0.5                 ,na,na,na,na,na,na,na
0.5                 ,52286               ,6.53575             ,0.174556            ,-0.244536           ,-0.0699799          ,2.95119             ,0.122205            
0.5                 ,7211                ,0.901375            ,0.0314075           ,-0.0413342          ,-0.00992668         ,0.601847            ,-0.0397354          
0.5                 ,6119                ,0.764875            ,0.0180416           ,-0.0212451          ,-0.00320359         ,0.425852            ,-0.0253311          
0.5                 ,7743                ,0.967875            ,0.0352371           ,-0.0469735          ,-0.0117364          ,0.657231            ,-0.0421985          
0.5                 ,4783                ,0.597875            ,0.00808517          ,-0.0081241          ,-3.89326e-05        ,0.226536            ,-0.0117694          
0.5                 ,6657                ,0.832125            ,0.0254065           ,-0.0321774          ,-0.00677085         ,0.525472            ,-0.0334083          
0.5                 ,5628                ,0.7035              ,0.0158041           ,-0.0182621          ,-0.00245804         ,0.377427            ,-0.0227933          
0.5                 ,0,0,0,0,0,0,0
0.5                 ,34391               ,4.29888             ,0.0146931           ,-0.0129543          ,0.00173876          ,0.349038            ,0.0055643           
0.5                 ,6052                ,0.7565              ,0.0147839           ,-0.0163889          ,-0.00160498         ,0.371259            ,-0.0207888          
0.5                 ,32530               ,4.06625             ,0.0226007           ,-0.0229103          ,-0.000309546        ,0.720144            ,-0.0176619          
0.5                 ,5592                ,0.699               ,0.0136824           ,-0.0150971          ,-0.00141463         ,0.338925            ,-0.0197468          
0.5                 ,0,0,0,0,0,0,0
0.5                 ,6894                ,0.86175             ,0.0253017           ,-0.03161            ,-0.00630837         ,0.532575            ,-0.0324811          
0.5                 ,0,0,0,0,0,0,0
0.5                 ,0,0,0,0,0,0,0
0.5                 ,na,na,na,na,na,na,na
0.5                 ,0,0,0,0,0,0,0
0.5                 ,67616               ,8.452               ,0.0533384           ,-0.0624089          ,-0.00907056         ,1.22796             ,0.0244807           
0.5                 ,0,0,0,0,0,0,0
0.5                 ,0,0,0,0,0,0,0
0.5                 ,0,0,0,0,0,0,0
0.5                 ,0,0,0,0,0,0,0
0.5                 ,0,0,0,0,0,0,0
0.5                 ,0,0,0,0,0,0,0
0.5                 ,10046               ,1.25575             ,0.00479482          ,-0.00416899         ,0.000625832         ,0.144679            ,-0.00552624         
0.5                 ,0,0,0,0,0,0,0
0.5                 ,0,0,0,0,0,0,0
0.5                 ,0,0,0,0,0,0,0
0.5                 ,0,0,0,0,0,0,0
0.5                 ,na,na,na,na,na,na,na
0.5                 ,0,0,0,0,0,0,0
0.5                 ,0,0,0,0,0,0,0
0.5                 ,0,0,0,0,0,0,0
0.5                 ,0,0,0,0,0,0,0
0.5                 ,0,0,0,0,0,0,0
0.5                 ,0,0,0,0,0,0,0
0.5                 ,0,0,0,0,0,0,0
0.5                 ,0,0,0,0,0,0,0
0.5                 ,51669               ,6.45863             ,0.11112             ,-0.154275           ,-0.0431554          ,1.63683             ,0.0843692           
0.5                 ,0,0,0,0,0,0,0
0.5                 ,0,0,0,0,0,0,0
0.5                 ,0,0,0,0,0,0,0
0.5                 ,0,0,0,0,0,0,0
0.5                 ,0,0,0,0,0,0,0
0.5                 ,0,0,0,0,0,0,0
0.5                 ,0,0,0,0,0,0,0
0.5                 ,0,0,0,0,0,0,0
0.5                 ,0,0,0,0,0,0,0
0.5                 ,38912               ,4.864               ,0.00804259          ,-0.0058464          ,0.00219619          ,0.245823            ,0.00785541          
0.5                 ,11040               ,1.38                ,0.0122032           ,-0.0141234          ,-0.00192021         ,0.291577            ,-0.0149226          
0.5                 ,na,na,na,na,na,na,na
0.5                 ,0,0,0,0,0,0,0
0.5                 ,0,0,0,0,0,0,0
0.5                 ,0,0,0,0,0,0,0
0.5                 ,0,0,0,0,0,0,0
0.5                 ,0,0,0,0,0,0,0
0.5                 ,0,0,0,0,0,0,0
0.5                 ,0,0,0,0,0,0,0
0.5                 ,0,0,0,0,0,0,0
0.5                 ,0,0,0,0,0,0,0
0.5                 ,29881               ,3.73513             ,0.00945401          ,-0.00821039         ,0.00124362          ,0.262018            ,-0.00489484         
0.5                 ,40840               ,5.105               ,0.0232689           ,-0.0220583          ,0.00121055          ,0.625588            ,-0.0108694          
0.5                 ,0,0,0,0,0,0,0
0.5                 ,0,0,0,0,0,0,0
0.5                 ,15882               ,1.98525             ,0.00469571          ,-0.00324847         ,0.00144724          ,0.129988            ,0.00279233          
0.5                 ,31036               ,3.8795              ,0.0132318           ,-0.0104152          ,0.00281658          ,0.414031            ,0.00731847          
0.5                 ,7516                ,0.9395              ,0.0350005           ,-0.047024           ,-0.0120235          ,0.644337            ,-0.0425117          
0.5                 ,8467                ,1.05838             ,0.0167931           ,-0.0178982          ,-0.00110506         ,0.448583            ,-0.0171987          
0.5                 ,24662               ,3.08275             ,0.0136993           ,-0.0143896          ,-0.000690299        ,0.289776            ,0.00949474          
0.5                 ,21013               ,2.62663             ,0.00563022          ,-0.00399363         ,0.0016366           ,0.193545            ,0.00154797          
0.5                 ,na,na,na,na,na,na,na
0.5                 ,6525                ,0.815625            ,0.0184872           ,-0.0214456          ,-0.00295841         ,0.440876            ,-0.0249371          
0.5                 ,na,na,na,na,na,na,na
0.5                 ,na,na,na,na,na,na,na
0.5                 ,6732                ,0.8415              ,0.018907            ,-0.0217356          ,-0.00282863         ,0.445206            ,-0.0241204          
0.5                 ,na,na,na,na,na,na,na
0.5                 ,5315                ,0.664375            ,0.0107875           ,-0.0113876          ,-0.000600108        ,0.289507            ,-0.0157529          
0.5                 ,7558                ,0.94475             ,0.0363171           ,-0.0492554          ,-0.0129383          ,0.655759            ,-0.0434403          
0.5                 ,3962                ,0.49525             ,0.00343222          ,-0.002919           ,0.000513226         ,0.10328             ,-0.00538814         
0.5                 ,43496               ,5.437               ,0.107646            ,-0.132541           ,-0.0248943          ,2.14236             ,-0.00203482         
0.5                 ,na,na,na,na,na,na,na
0.5                 ,0,0,0,0,0,0,0
0.5                 ,6827                ,0.853375            ,0.0204798           ,-0.0242237          ,-0.00374382         ,0.478375            ,-0.0267746          
0.5                 ,7806                ,0.97575             ,0.00498689          ,-0.00411822         ,0.000868679         ,0.172251            ,-0.00508591         
0.5                 ,5518                ,0.68975             ,0.0110963           ,-0.0117753          ,-0.000678987        ,0.304908            ,-0.0162246          
0.5                 ,0,0,0,0,0,0,0
0.5                 ,0,0,0,0,0,0,0
0.5                 ,0,0,0,0,0,0,0
0.5                 ,0,0,0,0,0,0,0
0.5                 ,0,0,0,0,0,0,0
0.5                 ,0,0,0,0,0,0,0
0.5                 ,0,0,0,0,0,0,0
0.5                 ,7549                ,0.943625            ,0.0346031           ,-0.0462358          ,-0.0116327          ,0.642851            ,-0.0421583          
0.5                 ,0,0,0,0,0,0,0
0.5                 ,na,na,na,na,na,na,na
0.5                 ,5292                ,0.6615              ,0.00742467          ,-0.00717559         ,0.000249079         ,0.223401            ,-0.0105981          
0.5                 ,20270               ,2.53375             ,0.0143661           ,-0.0128212          ,0.0015449           ,0.474868            ,0.00105562          
0.5                 ,0,0,0,0,0,0,0
0.5                 ,7575                ,0.946875            ,0.0108866           ,-0.010759           ,0.000127597         ,0.339115            ,-0.0112659          
0.5                 ,32099               ,4.01238             ,0.0265103           ,-0.0338176          ,-0.00730733         ,0.395755            ,0.0270194           
0.5                 ,0,0,0,0,0,0,0
0.5                 ,0,0,0,0,0,0,0
0.5                 ,5452                ,0.6815              ,0.00618899          ,-0.00559716         ,0.000591829         ,0.182418            ,-0.00892306         
0.5                 ,0,0,0,0,0,0,0
0.5                 ,7077                ,0.884625            ,0.0262131           ,-0.032935           ,-0.00672188         ,0.550438            ,-0.0331765          
0.5                 ,16979               ,2.12238             ,0.0157226           ,-0.0146183          ,0.00110423          ,0.519711            ,-0.000284557        
0.5                 ,47258               ,5.90725             ,0.0330308           ,-0.0396421          ,-0.00661134         ,0.646481            ,0.0268382           
0.5                 ,5641                ,0.705125            ,0.00933519          ,-0.00911095         ,0.000224241         ,0.244905            ,-0.0135185          
0.5                 ,21850               ,2.73125             ,0.0250001           ,-0.023846           ,0.00115404          ,0.744297            ,0.00296211          
0.5                 ,48479               ,6.05988             ,0.136703            ,-0.18353            ,-0.0468272          ,2.45901             ,0.0563756           
0.5                 ,6689                ,0.836125            ,0.0222412           ,-0.0267308          ,-0.00448962         ,0.483006            ,-0.0296077          
0.5                 ,6692                ,0.8365              ,0.0245382           ,-0.0306466          ,-0.00610837         ,0.516821            ,-0.0319785          
0.5                 ,20211               ,2.52638             ,0.0213575           ,-0.0208418          ,0.000515723         ,0.624306            ,-0.00466213         
0.5                 ,5333                ,0.666625            ,0.0103282           ,-0.0108208          ,-0.000492608        ,0.284958            ,-0.0153402          
0.5                 ,7616                ,0.952               ,0.0336987           ,-0.044546           ,-0.0108473          ,0.639002            ,-0.0402925          
0.5                 ,5033                ,0.629125            ,0.0106216           ,-0.0113559          ,-0.000734352        ,0.283378            ,-0.0156983          
0.5                 ,31650               ,3.95625             ,0.0228115           ,-0.0195556          ,0.0032559           ,0.640135            ,0.0113248           
0.5                 ,8104                ,1.013               ,0.0389237           ,-0.0526614          ,-0.0137377          ,0.700835            ,-0.0450217          
0.5                 ,na,na,na,na,na,na,na
0.5                 ,8175                ,1.02188             ,0.0262973           ,-0.0318843          ,-0.00558703         ,0.585985            ,-0.0284652          
0.5                 ,6618                ,0.82725             ,0.0248097           ,-0.0312141          ,-0.00640438         ,0.517197            ,-0.0329055          
0.5                 ,0,0,0,0,0,0,0
0.5                 ,29694               ,3.71175             ,0.0275301           ,-0.0290175          ,-0.00148744         ,0.80461             ,0.00236831          
0.5                 ,0,0,0,0,0,0,0
0.5                 ,0,0,0,0,0,0,0
0.5                 ,38880               ,4.86                ,0.076009            ,-0.105106           ,-0.0290968          ,1.42181             ,0.0596213           
0.5                 ,6066                ,0.75825             ,0.0165712           ,-0.0189525          ,-0.00238135         ,0.398355            ,-0.0223173          
0.5                 ,na,na,na,na,na,na,na
0.5                 ,39227               ,4.90338             ,0.0435951           ,-0.0499847          ,-0.00638968         ,0.884028            ,0.0288725           
0.5                 ,na,na,na,na,na,na,na
0.5                 ,7747                ,0.968375            ,0.0400398           ,-0.055533           ,-0.0154932          ,0.690124            ,-0.0474698          
0.5                 ,11591               ,1.44888             ,0.0218337           ,-0.0241946          ,-0.00236098         ,0.535506            ,-0.00773064         
0.5                 ,7698                ,0.96225             ,0.0317631           ,-0.04089            ,-0.0091269          ,0.61953             ,-0.037805           
0.5                 ,50559               ,6.31988             ,0.0599259           ,-0.0594065          ,0.000519358         ,1.78551             ,-0.0325804          
0.5                 ,0,0,0,0,0,0,0
0.5                 ,0,0,0,0,0,0,0
0.5                 ,6522                ,0.81525             ,0.0214837           ,-0.0260233          ,-0.0045396          ,0.478342            ,-0.0282809          
0.5                 ,0,0,0,0,0,0,0
0.5                 ,7136                ,0.892               ,0.0289695           ,-0.0370237          ,-0.00805426         ,0.570698            ,-0.0365113          
0.5                 ,0,0,0,0,0,0,0
0.5                 ,0,0,0,0,0,0,0
0.5                 ,0,0,0,0,0,0,0
0.5                 ,0,0,0,0,0,0,0
0.5                 ,0,0,0,0,0,0,0
0.5                 ,0,0,0,0,0,0,0
0.5                 ,10657               ,1.33213             ,0.0459888           ,-0.061213           ,-0.0152242          ,0.870847            ,-0.0362127          
0.5                 ,7628                ,0.9535              ,0.0207269           ,-0.0238471          ,-0.00312023         ,0.489587            ,-0.0236531          
0.5                 ,2101                ,0.262625            ,0.000108868         ,-6.02587e-05        ,4.86089e-05         ,0.00127926          ,9.48848e-05         
0.5                 ,0,0,0,0,0,0,0
0.5                 ,14632               ,1.829               ,0.0088821           ,-0.00740107         ,0.00148102          ,0.336132            ,-0.00642003         
0.5                 ,6609                ,0.826125            ,0.0234993           ,-0.0290207          ,-0.00552141         ,0.500958            ,-0.0312893          
0.5                 ,5956                ,0.7445              ,0.0159328           ,-0.018212           ,-0.0022792          ,0.390543            ,-0.0225951          
0.5                 ,5970                ,0.74625             ,0.00327669          ,-0.00259945         ,0.000677248         ,0.1006              ,-0.00104214         
0.5                 ,0,0,0,0,0,0,0
0.5                 ,0,0,0,0,0,0,0
0.5                 ,0,0,0,0,0,0,0
0.5                 ,0,0,0,0,0,0,0
0.5                 ,0,0,0,0,0,0,0
0.5                 ,6189                ,0.773625            ,0.0163578           ,-0.018699           ,-0.00234117         ,0.404619            ,-0.0225768          
0.5                 ,na,na,na,na,na,na,na
0.5                 ,7149                ,0.893625            ,0.0276381           ,-0.0349567          ,-0.00731859         ,0.562813            ,-0.034013           
0.5                 ,na,na,na,na,na,na,na
0.5                 ,20619               ,2.57738             ,0.0235774           ,-0.0243456          ,-0.000768139        ,0.691162            ,-0.0057681          
0.5                 ,6478                ,0.80975             ,0.0155355           ,-0.0172234          ,-0.00168792         ,0.397455            ,-0.0210739          
0.5                 ,14454               ,1.80675             ,0.00297554          ,-0.00194772         ,0.00102782          ,0.0750276           ,0.00376326          
0.5                 ,9181                ,1.14763             ,0.0280588           ,-0.0332554          ,-0.00519657         ,0.643998            ,-0.0278189          
0.5                 ,20880               ,2.61                ,0.0129816           ,-0.0103229          ,0.00265866          ,0.376557            ,0.00318625          
0.5                 ,na,na,na,na,na,na,na
0.5                 ,5293                ,0.661625            ,0.00810417          ,-0.00795403         ,0.00015014          ,0.234365            ,-0.0119925          
0.5                 ,6420                ,0.8025              ,0.0214009           ,-0.0260084          ,-0.00460757         ,0.473609            ,-0.0291844          
0.5                 ,6383                ,0.797875            ,0.0212767           ,-0.0258339          ,-0.00455714         ,0.469948            ,-0.0285449          
0.5                 ,5680                ,0.71                ,0.0160441           ,-0.0186511          ,-0.00260694         ,0.385721            ,-0.0231732          
0.5                 ,13883               ,1.73538             ,0.00766286          ,-0.00573594         ,0.00192692          ,0.168028            ,-0.000795683        
0.5                 ,0,0,0,0,0,0,0
0.5                 ,6420                ,0.8025              ,0.0237108           ,-0.0296382          ,-0.00592746         ,0.49641             ,-0.0322531          
0.5                 ,6208                ,0.776               ,0.0159893           ,-0.0179704          ,-0.00198117         ,0.392686            ,-0.0223695          
0.5                 ,6650                ,0.83125             ,0.0193491           ,-0.022495           ,-0.00314584         ,0.45107             ,-0.0260451          
0.5                 ,5051                ,0.631375            ,0.0112743           ,-0.012266           ,-0.000991717        ,0.296826            ,-0.0167333          
0.5                 ,7174                ,0.89675             ,0.0175676           ,-0.0195958          ,-0.00202818         ,0.445976            ,-0.0214478          
0.5                 ,na,na,na,na,na,na,na
0.5                 ,8550                ,1.06875             ,0.0405007           ,-0.0538998          ,-0.013399           ,0.722132            ,-0.043358           
0.5                 ,7082                ,0.88525             ,0.0118553           ,-0.0121477          ,-0.000292395        ,0.340152            ,-0.0126661          
0.5                 ,6864                ,0.858               ,0.0162365           ,-0.0179388          ,-0.0017023          ,0.417158            ,-0.0205371          
0.5                 ,31592               ,3.949               ,0.0607311           ,-0.0690221          ,-0.00829104         ,1.57421             ,0.000810739         
0.5                 ,na,na,na,na,na,na,na
0.5                 ,16649               ,2.08113             ,0.0207615           ,-0.0224361          ,-0.00167456         ,0.565867            ,0.00476817          
0.5                 ,31717               ,3.96463             ,0.0109535           ,-0.00788883         ,0.00306463          ,0.28828             ,-0.00123436         
0.5                 ,na,na,na,na,na,na,na
0.5                 ,34513               ,4.31413             ,0.131444            ,-0.170541           ,-0.0390964          ,2.3957              ,0.0505452           
0.5                 ,4754                ,0.59425             ,0.00688134          ,-0.006666           ,0.000215334         ,0.202075            ,-0.0104857          
0.5                 ,8054                ,1.00675             ,0.0343883           ,-0.0450175          ,-0.0106292          ,0.66707             ,-0.0393601          
0.5                 ,na,na,na,na,na,na,na
0.5                 ,52636               ,6.5795              ,0.0328075           ,-0.0323179          ,0.00048969          ,1.1253              ,-0.000154522        
0.5                 ,6892                ,0.8615              ,0.0188424           ,-0.0217007          ,-0.00285835         ,0.451595            ,-0.0240823          
0.5                 ,na,na,na,na,na,na,na
0.5                 ,21059               ,2.63238             ,0.0476145           ,-0.0544281          ,-0.00681358         ,1.12119             ,-0.0095281          
0.5                 ,0,0,0,0,0,0,0
0.5                 ,6278                ,0.78475             ,0.0191297           ,-0.0227249          ,-0.00359517         ,0.444346            ,-0.0264895          
0.5                 ,20591               ,2.57388             ,0.0177513           ,-0.0156635          ,0.00208775          ,0.505222            ,-0.00432534         
0.5                 ,0,0,0,0,0,0,0
0.5                 ,0,0,0,0,0,0,0
0.5                 ,1271                ,0.158875            ,0.000381036         ,-0.000258726        ,0.00012231          ,0.0092052           ,0.000320303         
0.5                 ,0,0,0,0,0,0,0
0.5                 ,16225               ,2.02813             ,0.013803            ,-0.0117791          ,0.00202388          ,0.384876            ,-0.00147407         
0.5                 ,10843               ,1.35538             ,0.0121667           ,-0.0109223          ,0.00124443          ,0.288863            ,-0.00530076         
0.5                 ,25107               ,3.13838             ,0.0597637           ,-0.0700645          ,-0.0103008          ,1.418               ,0.00170912          
0.5                 ,na,na,na,na,na,na,na
0.5                 ,7052                ,0.8815              ,0.0240636           ,-0.0294906          ,-0.0054269          ,0.527544            ,-0.0303235          
0.5                 ,na,na,na,na,na,na,na
0.5                 ,6860                ,0.8575              ,0.0258848           ,-0.0326905          ,-0.0068057          ,0.539075            ,-0.0337498          
0.5                 ,48602               ,6.07525             ,0.124024            ,-0.162611           ,-0.0385869          ,2.17796             ,0.0957482           
0.5                 ,13624               ,1.703               ,0.00269132          ,-0.00172928         ,0.000962048         ,0.0577911           ,0.000148034         
0.5                 ,7642                ,0.95525             ,0.0179007           ,-0.0200382          ,-0.00213748         ,0.457665            ,-0.0202573          
0.5                 ,na,na,na,na,na,na,na
0.5                 ,6866                ,0.85825             ,0.022585            ,-0.0271996          ,-0.00461452         ,0.498134            ,-0.0294826          
0.5                 ,6923                ,0.865375            ,0.0176496           ,-0.0199017          ,-0.00225206         ,0.440872            ,-0.0225723          
0.5                 ,na,na,na,na,na,na,na
0.5                 ,5557                ,0.694625            ,0.0138489           ,-0.0155347          ,-0.00168586         ,0.350219            ,-0.0200616          
0.5                 ,0,0,0,0,0,0,0
0.5                 ,6597                ,0.824625            ,0.023185            ,-0.0286398          ,-0.00545482         ,0.500373            ,-0.0311656          
0.5                 ,na,na,na,na,na,na,na
0.5                 ,na,na,na,na,na,na,na
0.5                 ,8785                ,1.09813             ,0.0185855           ,-0.0195872          ,-0.0010017          ,0.457623            ,-0.0178557          
0.5                 ,na,na,na,na,na,na,na
0.5                 ,8269                ,1.03363             ,0.0292106           ,-0.0362466          ,-0.007036           ,0.615797            ,-0.0323315          
0.5                 ,14190               ,1.77375             ,0.0250843           ,-0.0292737          ,-0.00418934         ,0.593472            ,0.000754066         
0.5                 ,na,na,na,na,na,na,na
0.5                 ,na,na,na,na,na,na,na
0.5                 ,5188                ,0.6485              ,0.00875594          ,-0.00864457         ,0.000111373         ,0.233586            ,-0.0129063          
0.5                 ,11578               ,1.44725             ,0.0186089           ,-0.0195766          ,-0.000967717        ,0.531504            ,-0.0158617          
0.5                 ,7340                ,0.9175              ,0.0289941           ,-0.036793           ,-0.00779897         ,0.580375            ,-0.0355633          
0.5                 ,9668                ,1.2085              ,0.0487432           ,-0.0670623          ,-0.0183191          ,0.852115            ,-0.0469077          
0.5                 ,6457                ,0.807125            ,0.0233343           ,-0.028928           ,-0.00559371         ,0.492398            ,-0.0315844          
0.5                 ,5751                ,0.718875            ,0.0161899           ,-0.0186793          ,-0.00248947         ,0.384239            ,-0.0232193          
0.5                 ,na,na,na,na,na,na,na
0.5                 ,na,na,na,na,na,na,na
0.5                 ,27463               ,3.43288             ,0.0858413           ,-0.107479           ,-0.0216381          ,1.70297             ,-0.00630032         
0.5                 ,4126                ,0.51575             ,0.0033957           ,-0.00286895         ,0.000526754         ,0.103676            ,-0.00494825         
0.5                 ,na,na,na,na,na,na,na
0.5                 ,15236               ,1.9045              ,0.022969            ,-0.0238487          ,-0.000879753        ,0.660492            ,-0.0100673          
0.5                 ,na,na,na,na,na,na,na
0.5                 ,5286                ,0.66075             ,0.0023005           ,-0.00174462         ,0.00055588          ,0.073225            ,-0.00230829         
0.5                 ,na,na,na,na,na,na,na
0.5                 ,25325               ,3.16563             ,0.0713169           ,-0.086318           ,-0.0150011          ,1.46859             ,0.000295545         
0.5                 ,na,na,na,na,na,na,na
0.5                 ,0,0,0,0,0,0,0
0.5                 ,na,na,na,na,na,na,na
0.5                 ,na,na,na,na,na,na,na
0.5                 ,26742               ,3.34275             ,0.0371617           ,-0.0530045          ,-0.0158428          ,0.548335            ,0.0337338           
0.5                 ,48394               ,6.04925             ,0.0915601           ,-0.116889           ,-0.0253286          ,2.02868             ,0.0697201           
0.5                 ,20131               ,2.51638             ,0.0157065           ,-0.0135567          ,0.0021498           ,0.530934            ,-0.0107506          
0.5                 ,na,na,na,na,na,na,na
0.5                 ,na,na,na,na,na,na,na
0.5                 ,21562               ,2.69525             ,0.023686            ,-0.023039           ,0.000646947         ,0.818662            ,-0.0183699          
0.5                 ,na,na,na,na,na,na,na
0.5                 ,28118               ,3.51475             ,0.0425688           ,-0.0436377          ,-0.0010689          ,1.35674             ,-0.0171215          
0.5                 ,na,na,na,na,na,na,na
0.5                 ,23691               ,2.96138             ,0.0753584           ,-0.0962212          ,-0.0208627          ,1.57413             ,-0.0181459          
0.5                 ,25492               ,3.1865              ,0.0619876           ,-0.0725927          ,-0.0106051          ,1.48219             ,-0.00673219         
0.5                 ,39387               ,4.92338             ,0.126602            ,-0.15535            ,-0.0287476          ,2.58714             ,0.0303807           
0.5                 ,16764               ,2.0955              ,0.0163951           ,-0.0148714          ,0.0015237           ,0.526395            ,-0.00612686         
0.5                 ,6111                ,0.763875            ,0.00840345          ,-0.00774874         ,0.000654708         ,0.215915            ,-0.0110242          
0.5                 ,6870                ,0.85875             ,0.0137981           ,-0.0144275          ,-0.000629407        ,0.364242            ,-0.0172939          
0.5                 ,na,na,na,na,na,na,na
0.5                 ,6416                ,0.802               ,0.0169832           ,-0.0194109          ,-0.00242774         ,0.420904            ,-0.0229681          
0.5                 ,na,na,na,na,na,na,na
0.5                 ,na,na,na,na,na,na,na
0.5                 ,25924               ,3.2405              ,0.0745442           ,-0.0972111          ,-0.022667           ,1.27851             ,0.0343334           
0.5                 ,28046               ,3.50575             ,0.0857524           ,-0.106938           ,-0.021186           ,1.73655             ,0.0153469           
0.5                 ,32412               ,4.0515              ,0.108336            ,-0.144052           ,-0.0357167          ,1.83494             ,0.0746687           
0.5                 ,6751                ,0.843875            ,0.0126004           ,-0.0131369          ,-0.000536529        ,0.342694            ,-0.01484            
0.5                 ,6181                ,0.772625            ,0.0218262           ,-0.0269326          ,-0.00510647         ,0.467882            ,-0.0302601          
0.5                 ,64327               ,8.04088             ,0.104052            ,-0.140029           ,-0.0359774          ,2.0241              ,0.0951514           
0.5                 ,6419                ,0.802375            ,0.0155683           ,-0.0173516          ,-0.00178331         ,0.393214            ,-0.0203348          
0.5                 ,8362                ,1.04525             ,0.0383144           ,-0.0512312          ,-0.0129168          ,0.71193             ,-0.0425642          
0.5                 ,8935                ,1.11688             ,0.0422885           ,-0.0569669          ,-0.0146784          ,0.768456            ,-0.0443147          
0.5                 ,43590               ,5.44875             ,0.0644647           ,-0.0732241          ,-0.00875938         ,1.60567             ,0.0217139           
0.5                 ,5639                ,0.704875            ,0.0133282           ,-0.0146797          ,-0.00135155         ,0.340732            ,-0.0192935          
0.5                 ,7769                ,0.971125            ,0.0205828           ,-0.0229574          ,-0.00237463         ,0.477021            ,-0.0227968          
0.5                 ,6601                ,0.825125            ,0.0159658           ,-0.0176924          ,-0.00172663         ,0.404427            ,-0.0211211          
0.5                 ,22679               ,2.83488             ,0.0254056           ,-0.0246401          ,0.000765501         ,0.886434            ,-0.0267473          
0.5                 ,20542               ,2.56775             ,0.0388108           ,-0.0436508          ,-0.00483997         ,0.985937            ,0.00318571          
0.5                 ,na,na,na,na,na,na,na
0.5                 ,33891               ,4.23638             ,0.0748849           ,-0.0851299          ,-0.0102451          ,1.76424             ,-0.00908598         
0.5                 ,22650               ,2.83125             ,0.0379451           ,-0.0444519          ,-0.00650679         ,0.931262            ,0.00985139          
0.5                 ,na,na,na,na,na,na,na
0.5                 ,15588               ,1.9485              ,0.0257163           ,-0.0274894          ,-0.00177307         ,0.649837            ,-0.0124369          
0.5                 ,na,na,na,na,na,na,na
0.5                 ,6627                ,0.828375            ,0.0204752           ,-0.0244738          ,-0.0039986          ,0.474446            ,-0.0274217          
0.5                 ,5194                ,0.64925             ,0.00873898          ,-0.00876795         ,-2.89667e-05        ,0.241248            ,-0.0124212          
0.5                 ,na,na,na,na,na,na,na
0.5                 ,na,na,na,na,na,na,na
0.5                 ,4639                ,0.579875            ,0.00669827          ,-0.00645913         ,0.000239143         ,0.194454            ,-0.010257           
0.5                 ,7179                ,0.897375            ,0.0281922           ,-0.035954           ,-0.00776181         ,0.57283             ,-0.0356043          
0.5                 ,45505               ,5.68813             ,0.0319608           ,-0.0276823          ,0.0042785           ,0.89352             ,-0.000418017        
0.5                 ,6049                ,0.756125            ,0.0183058           ,-0.0216816          ,-0.00337577         ,0.425857            ,-0.0257958          
0.5                 ,6861                ,0.857625            ,0.0247              ,-0.0306188          ,-0.00591884         ,0.522928            ,-0.0318199          
0.5                 ,4522                ,0.56525             ,0.00736169          ,-0.00734075         ,2.09359e-05         ,0.21043             ,-0.0112095          
0.5                 ,na,na,na,na,na,na,na
0.5                 ,6629                ,0.828625            ,0.0235874           ,-0.0292878          ,-0.00570032         ,0.507263            ,-0.0315585          
0.5                 ,29975               ,3.74688             ,0.0293946           ,-0.0276545          ,0.00174017          ,0.961894            ,-0.00674199         
0.5                 ,7364                ,0.9205              ,0.0313398           ,-0.0408805          ,-0.00954073         ,0.606832            ,-0.0386557          
0.5                 ,6513                ,0.814125            ,0.0124903           ,-0.0131285          ,-0.000638153        ,0.346623            ,-0.0156468          
0.5                 ,26901               ,3.36263             ,0.0504777           ,-0.0549455          ,-0.00446787         ,1.54331             ,-0.0188094          
0.5                 ,7179                ,0.897375            ,0.0142801           ,-0.0152463          ,-0.00096616         ,0.389193            ,-0.0165992          
0.5                 ,23164               ,2.8955              ,0.0540929           ,-0.0654102          ,-0.0113173          ,1.29047             ,-0.0202465          
0.5                 ,0,0,0,0,0,0,0
0.5                 ,0,0,0,0,0,0,0
0.5                 ,31546               ,3.94325             ,0.0165655           ,-0.0137527          ,0.00281281          ,0.66499             ,0.00691764          
0.5                 ,49772               ,6.2215              ,0.0497107           ,-0.0474992          ,0.00221152          ,1.39627             ,-0.0102369          
0.5                 ,0,0,0,0,0,0,0
0.5                 ,20364               ,2.5455              ,0.0179852           ,-0.0159715          ,0.00201374          ,0.617284            ,-0.0145525          
0.5                 ,6420                ,0.8025              ,0.0212654           ,-0.0258489          ,-0.0045835          ,0.473719            ,-0.0291146          
0.5                 ,0,0,0,0,0,0,0
0.5                 ,30459               ,3.80738             ,0.0645887           ,-0.0745491          ,-0.00996039         ,1.72633             ,-0.0544011          
0.5                 ,43714               ,5.46425             ,0.0469472           ,-0.0460337          ,0.000913496         ,1.67225             ,0.0172114           
0.5                 ,na,na,na,na,na,na,na
0.5                 ,0,0,0,0,0,0,0
0.5                 ,0,0,0,0,0,0,0
0.5                 ,24889               ,3.11113             ,0.0218361           ,-0.024318           ,-0.00248184         ,0.561599            ,0.011228            
0.5                 ,6931                ,0.866375            ,0.0220649           ,-0.0260045          ,-0.00393968         ,0.48228             ,-0.028242           
0.5                 ,6910                ,0.86375             ,0.0275452           ,-0.0351922          ,-0.00764704         ,0.552597            ,-0.0357566          
0.5                 ,5893                ,0.736625            ,0.0188282           ,-0.0226615          ,-0.0038333          ,0.427371            ,-0.0268249          
0.5                 ,22464               ,2.808               ,0.0399609           ,-0.0441629          ,-0.00420194         ,1.11226             ,-0.0048015          
0.5                 ,8167                ,1.02088             ,0.0355947           ,-0.0467952          ,-0.0112005          ,0.679902            ,-0.0400852          
0.5                 ,5756                ,0.7195              ,0.0103143           ,-0.010439           ,-0.00012472         ,0.276816            ,-0.0136959          
0.5                 ,6039                ,0.754875            ,0.0190715           ,-0.0227746          ,-0.00370303         ,0.43155             ,-0.026872           
0.5                 ,0,0,0,0,0,0,0
0.5                 ,11870               ,1.48375             ,0.0136376           ,-0.0130692          ,0.000568407         ,0.442723            ,-0.013868           
0.5                 ,6464                ,0.808               ,0.0197725           ,-0.0232892          ,-0.00351668         ,0.44997             ,-0.0266528          
0.5                 ,10360               ,1.295               ,0.016426            ,-0.0164545          ,-2.85308e-05        ,0.431072            ,-0.0112239          
0.5                 ,12571               ,1.57138             ,0.0156263           ,-0.015442           ,0.000184363         ,0.484781            ,-0.0154233          
0.5                 ,na,na,na,na,na,na,na
0.5                 ,36127               ,4.51588             ,0.126511            ,-0.171078           ,-0.0445674          ,2.15222             ,0.0676103           
0.5                 ,8719                ,1.08988             ,0.0500565           ,-0.0717913          ,-0.0217349          ,0.804079            ,-0.0537247          
0.5                 ,na,na,na,na,na,na,na
0.5                 ,na,na,na,na,na,na,na
0.5                 ,na,na,na,na,na,na,na
0.5                 ,na,na,na,na,na,na,na
0.5                 ,8476                ,1.0595              ,0.0231755           ,-0.0268925          ,-0.00371694         ,0.54527             ,-0.0236089          
0.5                 ,7404                ,0.9255              ,0.0228826           ,-0.0272152          ,-0.00433252         ,0.51936             ,-0.0277306          
0.5                 ,0,0,0,0,0,0,0
0.5                 ,7459                ,0.932375            ,0.0245073           ,-0.0293253          ,-0.00481795         ,0.533845            ,-0.0285834          
0.5                 ,7248                ,0.906               ,0.0188036           ,-0.0212009          ,-0.00239735         ,0.452726            ,-0.0214013          
0.5                 ,8225                ,1.02812             ,0.0291709           ,-0.0362254          ,-0.00705445         ,0.618765            ,-0.0326418          
0.5                 ,na,na,na,na,na,na,na
0.5                 ,34883               ,4.36038             ,0.0766718           ,-0.0932323          ,-0.0165605          ,1.67305             ,0.0195035           
0.5                 ,na,na,na,na,na,na,na
0.5                 ,46863               ,5.85788             ,0.134855            ,-0.165717           ,-0.0308622          ,2.64342             ,0.0411264           
0.5                 ,na,na,na,na,na,na,na
0.5                 ,na,na,na,na,na,na,na
0.5                 ,na,na,na,na,na,na,na
0.5                 ,5802                ,0.72525             ,0.0126173           ,-0.013529           ,-0.000911702        ,0.328813            ,-0.0181875          
0.5                 ,7097                ,0.887125            ,0.0165392           ,-0.0174805          ,-0.000941248        ,0.385354            ,-0.0199523          
0.5                 ,5892                ,0.7365              ,0.0115764           ,-0.0121711          ,-0.000594708        ,0.317824            ,-0.0162204          
0.5                 ,23403               ,2.92538             ,0.0553186           ,-0.0689988          ,-0.0136802          ,1.12844             ,0.0174283           
0.5                 ,0,0,0,0,0,0,0
0.5                 ,0,0,0,0,0,0,0
0.5                 ,6875                ,0.859375            ,0.0199316           ,-0.0234174          ,-0.00348586         ,0.476659            ,-0.0260863          
0.5                 ,5181                ,0.647625            ,0.0115075           ,-0.0123966          ,-0.000889107        ,0.297044            ,-0.0169046          
0.5                 ,0,0,0,0,0,0,0
0.5                 ,0,0,0,0,0,0,0
0.5                 ,0,0,0,0,0,0,0
0.5                 ,5983                ,0.747875            ,0.0141643           ,-0.0154997          ,-0.00133542         ,0.355936            ,-0.0199231          
0.5                 ,0,0,0,0,0,0,0
0.5                 ,5224                ,0.653               ,0.00969349          ,-0.0100355          ,-0.000342057        ,0.270485            ,-0.0144713          
0.5                 ,6964                ,0.8705              ,0.0264346           ,-0.0332785          ,-0.00684389         ,0.5442              ,-0.033744           
0.5                 ,na,na,na,na,na,na,na
0.5                 ,8446                ,1.05575             ,0.0486025           ,-0.06978            ,-0.0211774          ,0.779825            ,-0.0535813          
0.5                 ,6184                ,0.773               ,0.0167294           ,-0.0190716          ,-0.00234224         ,0.403119            ,-0.0232056          
0.5                 ,9834                ,1.22925             ,0.0132714           ,-0.0130636          ,0.000207792         ,0.434227            ,-0.0131416          
0.5                 ,56797               ,7.09963             ,0.0726616           ,-0.108302           ,-0.0356407          ,1.2948              ,0.0694952           
0.5                 ,8027                ,1.00338             ,0.0316135           ,-0.0401388          ,-0.00852536         ,0.63563             ,-0.0369843          
0.5                 ,5951                ,0.743875            ,0.00268536          ,-0.00206643         ,0.000618928         ,0.077472            ,0.00227275          
0.5                 ,0,0,0,0,0,0,0
0.5                 ,38289               ,4.78613             ,0.051723            ,-0.0571409          ,-0.00541783         ,1.30016             ,0.0101858           
0.5                 ,24494               ,3.06175             ,0.0326555           ,-0.0387926          ,-0.00613711         ,0.600317            ,0.019321            
0.5                 ,6401                ,0.800125            ,0.0153631           ,-0.0168699          ,-0.0015068          ,0.380702            ,-0.0205288          
0.5                 ,0,0,0,0,0,0,0
0.5                 ,18872               ,2.359               ,0.0316314           ,-0.0336975          ,-0.00206618         ,0.968176            ,-0.01596            
0.5                 ,50441               ,6.30513             ,0.0814217           ,-0.0883262          ,-0.0069045          ,1.92329             ,-0.0110075          
0.5                 ,0,0,0,0,0,0,0
0.5                 ,na,na,na,na,na,na,na
0.5                 ,49375               ,6.17188             ,0.0946574           ,-0.12927            ,-0.0346128          ,1.46925             ,0.0814161           
0.5                 ,8172                ,1.0215              ,0.0318123           ,-0.0404034          ,-0.0085911          ,0.647514            ,-0.0360424          
0.5                 ,0,0,0,0,0,0,0
0.5                 ,na,na,na,na,na,na,na
0.5                 ,na,na,na,na,na,na,na
0.5                 ,36971               ,4.62138             ,0.081092            ,-0.0940542          ,-0.0129621          ,1.86301             ,0.00777787          
0.5                 ,5516                ,0.6895              ,0.0101245           ,-0.0104396          ,-0.000315089        ,0.282286            ,-0.0144234          
0.5                 ,na,na,na,na,na,na,na
0.5                 ,7815                ,0.976875            ,0.0193006           ,-0.0215305          ,-0.00222988         ,0.482557            ,-0.0217019          
0.5                 ,6623                ,0.827875            ,0.0114384           ,-0.0112981          ,0.000140249         ,0.290671            ,-0.0135977          
0.5                 ,14870               ,1.85875             ,0.015102            ,-0.0142735          ,0.000828574         ,0.435643            ,-0.00449977         
0.5                 ,7625                ,0.953125            ,0.0275611           ,-0.0341365          ,-0.00657549         ,0.579845            ,-0.0325121          
0.5                 ,na,na,na,na,na,na,na
0.5                 ,22284               ,2.7855              ,0.060647            ,-0.0803002          ,-0.0196532          ,1.09855             ,0.0363783           
0.5                 ,na,na,na,na,na,na,na
0.5                 ,na,na,na,na,na,na,na
0.5                 ,na,na,na,na,na,na,na
0.5                 ,22520               ,2.815               ,0.055886            ,-0.0670453          ,-0.0111593          ,1.21085             ,-0.0020288          
0.5                 ,6243                ,0.780375            ,0.0200376           ,-0.0239658          ,-0.00392825         ,0.447432            ,-0.0275703          
0.5                 ,6060                ,0.7575              ,0.0109504           ,-0.0112557          ,-0.000305336        ,0.303961            ,-0.0145566          
0.5                 ,na,na,na,na,na,na,na
0.5                 ,na,na,na,na,na,na,na
0.5                 ,na,na,na,na,na,na,na
0.5                 ,69276               ,8.6595              ,0.0783955           ,-0.0988728          ,-0.0204773          ,1.65764             ,0.0546177           
0.5                 ,na,na,na,na,na,na,na
0.5                 ,na,na,na,na,na,na,na
0.5                 ,6965                ,0.870625            ,0.0187678           ,-0.0214114          ,-0.00264362         ,0.45463             ,-0.0240236          
0.5                 ,na,na,na,na,na,na,na
0.5                 ,26296               ,3.287               ,0.0313715           ,-0.0314553          ,-8.38334e-05        ,1.20237             ,-0.0261742          
0.5                 ,na,na,na,na,na,na,na
0.5                 ,na,na,na,na,na,na,na
0.5                 ,6582                ,0.82275             ,0.0172005           ,-0.0196597          ,-0.00245918         ,0.423222            ,-0.0224657          
0.5                 ,52950               ,6.61875             ,0.107821            ,-0.129827           ,-0.0220059          ,2.68292             ,0.0267273           
0.5                 ,30542               ,3.81775             ,0.0258144           ,-0.0235483          ,0.0022661           ,0.766548            ,0.00516531          
0.5                 ,na,na,na,na,na,na,na
0.5                 ,12379               ,1.54738             ,0.00562785          ,-0.00441163         ,0.00121622          ,0.195515            ,-0.000375368        
0.5                 ,26456               ,3.307               ,0.046493            ,-0.052618           ,-0.00612502         ,1.24425             ,-0.000553773        
0.5                 ,29693               ,3.71163             ,0.0338327           ,-0.0332263          ,0.000606342         ,1.19799             ,-0.0247921          
0.5                 ,5214                ,0.65175             ,0.00956831          ,-0.00957268         ,-4.37385e-06        ,0.244054            ,-0.0138059          
0.5                 ,0,0,0,0,0,0,0
0.5                 ,40626               ,5.07825             ,0.0517531           ,-0.0719078          ,-0.0201547          ,1.14361             ,0.0512714           
0.5                 ,0,0,0,0,0,0,0
0.5                 ,52597               ,6.57463             ,0.131252            ,-0.161826           ,-0.0305739          ,2.83723             ,0.0255088           
0.5                 ,0,0,0,0,0,0,0
0.5                 ,69203               ,8.65038             ,0.0638588           ,-0.0837997          ,-0.0199408          ,1.3814              ,0.0550971           
0.5                 ,6350                ,0.79375             ,0.016953            ,-0.0193867          ,-0.0024337          ,0.417233            ,-0.0232865          
0.5                 ,na,na,na,na,na,na,na
0.5                 ,na,na,na,na,na,na,na
0.5                 ,32800               ,4.1                 ,0.0965313           ,-0.117103           ,-0.0205715          ,2.04671             ,0.0216849           
0.5                 ,68332               ,8.5415              ,0.117659            ,-0.147561           ,-0.0299021          ,2.83571             ,0.0391872           
0.5                 ,23372               ,2.9215              ,0.0605692           ,-0.0722578          ,-0.0116886          ,1.32471             ,-4.26132e-06        
0.5                 ,na,na,na,na,na,na,na
0.5                 ,na,na,na,na,na,na,na
0.5                 ,5953                ,0.744125            ,0.0173774           ,-0.020336           ,-0.00295852         ,0.40598             ,-0.0243631          
0.5                 ,na,na,na,na,na,na,na
0.5                 ,63298               ,7.91225             ,0.129002            ,-0.162118           ,-0.0331158          ,2.71995             ,0.0699334           
0.5                 ,51681               ,6.46013             ,0.123379            ,-0.162791           ,-0.0394116          ,2.25692             ,0.0868909           
0.5                 ,na,na,na,na,na,na,na
0.5                 ,31026               ,3.87825             ,0.0211253           ,-0.0215516          ,-0.000426304        ,0.79029             ,-0.00349503         
0.5                 ,6068                ,0.7585              ,0.0170586           ,-0.0194002          ,-0.00234161         ,0.393039            ,-0.0235322          
0.5                 ,20235               ,2.52938             ,0.0136664           ,-0.0116667          ,0.00199968          ,0.491107            ,-0.00806661         
0.5                 ,12009               ,1.50113             ,0.0146348           ,-0.0138444          ,0.00079046          ,0.422519            ,-0.00797644         
0.5                 ,5604                ,0.7005              ,0.0112093           ,-0.0118842          ,-0.00067488         ,0.301739            ,-0.0155732          
0.5                 ,na,na,na,na,na,na,na
0.5                 ,22813               ,2.85163             ,0.00895723          ,-0.00689277         ,0.00206446          ,0.351938            ,-0.00560509         
0.5                 ,6802                ,0.85025             ,0.0172187           ,-0.0189635          ,-0.00174477         ,0.409782            ,-0.0219871          
0.5                 ,6601                ,0.825125            ,0.0170601           ,-0.0193034          ,-0.0022433          ,0.423479            ,-0.0226643          
0.5                 ,na,na,na,na,na,na,na
0.5                 ,9990                ,1.24875             ,0.00126277          ,-0.000804031        ,0.000458736         ,0.0391018           ,0.0024074           
0.5                 ,0,0,0,0,0,0,0
0.5                 ,na,na,na,na,na,na,na
0.5                 ,na,na,na,na,na,na,na
0.5                 ,7149                ,0.893625            ,0.0171983           ,-0.0189782          ,-0.00177992         ,0.433406            ,-0.0212466          
0.5                 ,29909               ,3.73863             ,0.0197578           ,-0.0172068          ,0.00255098          ,0.821301            ,0.00401632          
0.5                 ,6636                ,0.8295              ,0.0178638           ,-0.0204541          ,-0.00259029         ,0.436826            ,-0.023653           
0.5                 ,na,na,na,na,na,na,na
0.5                 ,na,na,na,na,na,na,na
0.5                 ,72704               ,9.088               ,0.0778981           ,-0.08636            ,-0.00846188         ,2.37397             ,-0.0573715          
0.5                 ,8353                ,1.04413             ,0.0426272           ,-0.0587813          ,-0.0161541          ,0.739009            ,-0.0478697          
0.5                 ,7578                ,0.94725             ,0.0237653           ,-0.0284959          ,-0.00473062         ,0.5445              ,-0.0276822          
0.5                 ,42588               ,5.3235              ,0.0159857           ,-0.0121569          ,0.00382879          ,0.495996            ,0.00235853          
0.5                 ,6877                ,0.859625            ,0.0114297           ,-0.0114913          ,-6.16533e-05        ,0.324272            ,-0.0139271          
0.5                 ,26232               ,3.279               ,0.0241854           ,-0.0229658          ,0.00121959          ,0.966941            ,-0.0217884          
0.5                 ,26090               ,3.26125             ,0.0135103           ,-0.0115988          ,0.00191149          ,0.321273            ,-0.00585409         
0.5                 ,12962               ,1.62025             ,0.00573602          ,-0.00419893         ,0.00153709          ,0.142947            ,0.00173124          
0.5                 ,6426                ,0.80325             ,0.0204847           ,-0.0246508          ,-0.00416611         ,0.465596            ,-0.0280952          
0.5                 ,8869                ,1.10863             ,0.0352264           ,-0.0451283          ,-0.00990191         ,0.711222            ,-0.0371111          
0.5                 ,na,na,na,na,na,na,na
0.5                 ,14784               ,1.848               ,0.0375188           ,-0.0445252          ,-0.00700646         ,0.883072            ,-0.0228712          
0.5                 ,9454                ,1.18175             ,0.0467134           ,-0.0642135          ,-0.0175             ,0.816553            ,-0.0466409          
0.5                 ,na,na,na,na,na,na,na
0.5                 ,37159               ,4.64488             ,0.0453777           ,-0.0465356          ,-0.00115791         ,1.7381              ,-0.0224452          
0.5                 ,12779               ,1.59738             ,0.0242863           ,-0.0264291          ,-0.0021428          ,0.598399            ,-0.00610068         
0.5                 ,na,na,na,na,na,na,na
0.5                 ,41813               ,5.22663             ,0.0839668           ,-0.109621           ,-0.0256546          ,1.47159             ,0.0627649           
0.5                 ,6226                ,0.77825             ,0.0173665           ,-0.0198364          ,-0.00246986         ,0.407297            ,-0.0239332          
0.5                 ,7813                ,0.976625            ,0.0362924           ,-0.048926           ,-0.0126335          ,0.661784            ,-0.0428625          
0.5                 ,24648               ,3.081               ,0.0108332           ,-0.00883844         ,0.00199473          ,0.362               ,-0.000808752        
0.5                 ,na,na,na,na,na,na,na
0.5                 ,47307               ,5.91338             ,0.0375275           ,-0.0349622          ,0.00256528          ,1.50102             ,-0.0144173          
0.5                 ,15881               ,1.98513             ,0.0146783           ,-0.0131319          ,0.00154643          ,0.484933            ,-0.00742544         
0.5                 ,0,0,0,0,0,0,0
0.5                 ,7432                ,0.929               ,0.0293041           ,-0.0373312          ,-0.00802714         ,0.591607            ,-0.0361128          
0.5                 ,4889                ,0.611125            ,0.00692332          ,-0.00664964         ,0.000273688         ,0.202196            ,-0.0105375          
0.5                 ,5900                ,0.7375              ,0.0182164           ,-0.021695           ,-0.0034786          ,0.419589            ,-0.025879           
0.5                 ,34711               ,4.33888             ,0.0794503           ,-0.0901179          ,-0.0106676          ,2.01359             ,-0.0115147          
0.5                 ,15257               ,1.90713             ,0.0047343           ,-0.00345546         ,0.00127884          ,0.157949            ,-0.000117447        
0.5                 ,23441               ,2.93013             ,0.0639872           ,-0.0777787          ,-0.0137914          ,1.47006             ,-0.0517086          
