    1     0.00000    0.02668    0.02961    0.00696    0.02897    0.04709    0.03597    0.00000
    2     0.07646    0.19527    0.40861    0.58725    0.57480    0.39605    0.21559    0.22275
    3     0.09957    0.23037    0.47581    0.66287    0.67140    0.48655    0.25286    0.25901
    4     0.11781    0.25139    0.50783    0.68273    0.69526    0.53313    0.28724    0.27903
    5     0.13163    0.26704    0.52421    0.68927    0.70389    0.56035    0.31970    0.29149
    6     0.14227    0.27820    0.53199    0.69181    0.70904    0.57672    0.34658    0.30016
    7     0.15048    0.28599    0.53604    0.69357    0.71289    0.58710    0.36370    0.30671
    8     0.15708    0.29156    0.53844    0.69489    0.71636    0.59456    0.37720    0.31182
    9     0.16250    0.29568    0.54019    0.69645    0.71951    0.60025    0.38578    0.31610
   10     0.16702    0.29831    0.54153    0.69836    0.72252    0.60472    0.39224    0.31978
   11     0.17092    0.30084    0.54302    0.70038    0.72538    0.60789    0.39688    0.32306
   12     0.17431    0.30316    0.54460    0.70297    0.72851    0.61183    0.40050    0.32600
   13     0.17737    0.30474    0.54633    0.70557    0.73174    0.61524    0.40238    0.32870
   14     0.18009    0.30651    0.54833    0.70882    0.73549    0.61832    0.40518    0.33118
   15     0.18260    0.30850    0.55074    0.71260    0.73945    0.62213    0.40896    0.33351
   16     0.18490    0.31043    0.55364    0.71710    0.74379    0.62553    0.40982    0.33566
   17     0.18704    0.31252    0.55642    0.72222    0.74928    0.62984    0.41354    0.33772
   18     0.18899    0.31430    0.56010    0.72782    0.75450    0.63438    0.41425    0.33963
   19     0.19081    0.31680    0.56447    0.73494    0.76109    0.63958    0.41737    0.34146
   20     0.19249    0.31977    0.56907    0.74266    0.76851    0.64475    0.42083    0.34317
   21     0.19405    0.32252    0.57433    0.75101    0.77609    0.65099    0.42190    0.34480
   22     0.19550    0.32529    0.58055    0.76051    0.78490    0.65799    0.42556    0.34631
   23     0.19685    0.32858    0.58676    0.77075    0.79364    0.66471    0.42869    0.34772
   24     0.19812    0.33136    0.59425    0.78083    0.80254    0.67223    0.43078    0.34907
   25     0.19929    0.33462    0.60124    0.79081    0.81134    0.67943    0.43349    0.35031
   26     0.20039    0.33723    0.60820    0.80065    0.81978    0.68617    0.43655    0.35149
   27     0.20139    0.34055    0.61458    0.81024    0.82778    0.69267    0.43880    0.35259
   28     0.20234    0.34388    0.62112    0.81901    0.83627    0.69880    0.44064    0.35361
   29     0.20319    0.34567    0.62695    0.82641    0.84275    0.70446    0.44375    0.35457
   30     0.20400    0.34932    0.63215    0.83284    0.84924    0.70949    0.44523    0.35545
   31     0.20474    0.35128    0.63650    0.83907    0.85559    0.71427    0.44608    0.35628
   32     0.20543    0.35249    0.64111    0.84457    0.86080    0.71821    0.44755    0.35704
   33     0.20606    0.35485    0.64518    0.85012    0.86547    0.72206    0.44819    0.35776
   34     0.20665    0.35664    0.64861    0.85418    0.86987    0.72583    0.44959    0.35843
   35     0.20720    0.35845    0.65182    0.85833    0.87370    0.72894    0.45144    0.35906
   36     0.20771    0.35968    0.65508    0.86252    0.87842    0.73227    0.45116    0.35965
   37     0.20817    0.36152    0.65811    0.86651    0.88228    0.73530    0.45242    0.36019
   38     0.20861    0.36267    0.66093    0.87031    0.88570    0.73794    0.45354    0.36070
   39     0.20902    0.36391    0.66358    0.87358    0.88883    0.74048    0.45440    0.36117
   40     0.20939    0.36555    0.66637    0.87769    0.89199    0.74309    0.45532    0.36161
   41     0.20973    0.36616    0.66847    0.88093    0.89444    0.74543    0.45607    0.36202
   42     0.21005    0.36748    0.67090    0.88394    0.89709    0.74756    0.45683    0.36240
   43     0.21035    0.36888    0.67281    0.88636    0.89979    0.74940    0.45820    0.36275
   44     0.21062    0.36914    0.67479    0.88892    0.90163    0.75143    0.45834    0.36309
   45     0.21088    0.37048    0.67632    0.89105    0.90357    0.75302    0.45979    0.36339
   46     0.21111    0.37145    0.67820    0.89340    0.90637    0.75488    0.46052    0.36368
   47     0.21132    0.37228    0.67990    0.89594    0.90797    0.75650    0.46137    0.36395
   48     0.21152    0.37307    0.68140    0.89774    0.91032    0.75796    0.46152    0.36419
   49     0.21171    0.37362    0.68267    0.89906    0.91146    0.75909    0.46265    0.36443
   50     0.21188    0.37368    0.68418    0.90114    0.91272    0.76049    0.46409    0.36464
   51     0.21204    0.37409    0.68541    0.90244    0.91418    0.76190    0.46319    0.36484
   52     0.21218    0.37496    0.68665    0.90510    0.91566    0.76318    0.46408    0.36503
   53     0.21231    0.37525    0.68809    0.90699    0.91680    0.76432    0.46333    0.36520
   54     0.21244    0.37646    0.68918    0.90792    0.91797    0.76522    0.46515    0.36536
   55     0.21255    0.37653    0.69033    0.90974    0.91933    0.76617    0.46507    0.36551
   56     0.21266    0.37709    0.69130    0.91127    0.92015    0.76720    0.46514    0.36565
   57     0.21276    0.37770    0.69238    0.91256    0.92135    0.76802    0.46653    0.36578
   58     0.21285    0.37741    0.69319    0.91389    0.92222    0.76871    0.46647    0.36591
   59     0.21293    0.37857    0.69423    0.91558    0.92320    0.76959    0.46624    0.36602
   60     0.21301    0.37879    0.69493    0.91604    0.92436    0.77028    0.46702    0.36613
   61     0.21308    0.37975    0.69569    0.91741    0.92495    0.77104    0.46786    0.36622
   62     0.21314    0.37959    0.69630    0.91793    0.92549    0.77145    0.46709    0.36631
   63     0.21321    0.37915    0.69713    0.91968    0.92627    0.77215    0.46806    0.36640
   64     0.21326    0.37975    0.69798    0.92047    0.92682    0.77273    0.46835    0.36648
   65     0.21331    0.37948    0.69871    0.92160    0.92754    0.77330    0.46824    0.36655
   66     0.21336    0.38108    0.69931    0.92223    0.92819    0.77363    0.46886    0.36662
   67     0.21341    0.38015    0.69986    0.92286    0.92818    0.77421    0.46805    0.36669
   68     0.21345    0.38108    0.70028    0.92358    0.92894    0.77454    0.46915    0.36675
   69     0.21349    0.38104    0.70070    0.92400    0.92958    0.77507    0.46962    0.36681
   70     0.21352    0.38145    0.70121    0.92482    0.93038    0.77550    0.47032    0.36686
   71     0.21355    0.38184    0.70164    0.92491    0.93029    0.77560    0.47007    0.36691
   72     0.21358    0.38165    0.70208    0.92613    0.93122    0.77599    0.47060    0.36695
   73     0.21361    0.38236    0.70274    0.92773    0.93134    0.77645    0.46941    0.36699
   74     0.21364    0.38261    0.70320    0.92795    0.93164    0.77690    0.47004    0.36703
   75     0.21366    0.38295    0.70370    0.92844    0.93181    0.77710    0.47064    0.36707
   76     0.21368    0.38269    0.70413    0.92872    0.93218    0.77735    0.47094    0.36711
   77     0.21370    0.38266    0.70449    0.92939    0.93259    0.77764    0.47130    0.36714
   78     0.21372    0.38222    0.70465    0.92962    0.93285    0.77793    0.47024    0.36717
   79     0.21374    0.38306    0.70489    0.92986    0.93326    0.77812    0.47175    0.36720
   80     0.21376    0.38221    0.70531    0.93051    0.93359    0.77833    0.47130    0.36722
   81     0.21377    0.38370    0.70554    0.93129    0.93347    0.77846    0.47154    0.36725
   82     0.21379    0.38329    0.70584    0.93126    0.93339    0.77859    0.47136    0.36727
   83     0.21380    0.38358    0.70597    0.93158    0.93371    0.77870    0.47168    0.36729
   84     0.21381    0.38283    0.70628    0.93172    0.93414    0.77875    0.47168    0.36731
   85     0.21382    0.38390    0.70649    0.93191    0.93399    0.77901    0.47133    0.36733
   86     0.21383    0.38327    0.70677    0.93208    0.93392    0.77904    0.47148    0.36735
   87     0.21384    0.38327    0.70684    0.93256    0.93432    0.77926    0.47166    0.36737
   88     0.21385    0.38383    0.70712    0.93314    0.93415    0.77933    0.47208    0.36738
   89     0.21386    0.38346    0.70733    0.93318    0.93480    0.77951    0.47232    0.36740
   90     0.21387    0.38374    0.70756    0.93376    0.93498    0.77963    0.47154    0.36741
   91     0.21387    0.38442    0.70779    0.93391    0.93487    0.77985    0.47268    0.36742
   92     0.21388    0.38431    0.70787    0.93370    0.93526    0.77982    0.47256    0.36743
   93     0.21389    0.38395    0.70794    0.93420    0.93522    0.77993    0.47212    0.36744
   94     0.21389    0.38437    0.70800    0.93416    0.93541    0.77993    0.47157    0.36745
   95     0.21390    0.38398    0.70823    0.93442    0.93538    0.77997    0.47223    0.36746
   96     0.21390    0.38352    0.70849    0.93498    0.93529    0.78017    0.47174    0.36747
   97     0.21391    0.38414    0.70861    0.93512    0.93551    0.78006    0.47227    0.36748
   98     0.21391    0.38402    0.70893    0.93550    0.93568    0.78036    0.47291    0.36749
   99     0.21392    0.38450    0.70894    0.93552    0.93537    0.78037    0.47312    0.36750
  100     0.21392    0.38450    0.70876    0.93521    0.93576    0.78034    0.47267    0.36750
  101     0.21392    0.38375    0.70871    0.93531    0.93571    0.78033    0.47272    0.36751
  102     0.21409    0.38505    0.70903    0.93535    0.93574    0.78063    0.47531    0.36764
  103     0.21408    0.38517    0.70894    0.93538    0.93536    0.78088    0.47540    0.36764
  104     0.21407    0.38488    0.70908    0.93538    0.93585    0.78100    0.47545    0.36763
  105     0.21407    0.38453    0.70914    0.93609    0.93553    0.78093    0.47551    0.36763
  106     0.21406    0.38537    0.70949    0.93672    0.93614    0.78121    0.47567    0.36763
  107     0.21405    0.38493    0.70968    0.93663    0.93558    0.78110    0.47567    0.36763
  108     0.21405    0.38478    0.70948    0.93648    0.93533    0.78107    0.47566    0.36763
  109     0.21404    0.38503    0.70946    0.93596    0.93513    0.78096    0.47562    0.36763
  110     0.21404    0.38448    0.70918    0.93559    0.93495    0.78095    0.47556    0.36763
  111     0.21403    0.38419    0.70924    0.93568    0.93484    0.78095    0.47559    0.36762
  112     0.21403    0.38419    0.70939    0.93639    0.93491    0.78111    0.47571    0.36762
  113     0.21402    0.38459    0.70953    0.93647    0.93495    0.78094    0.47578    0.36762
  114     0.21402    0.38434    0.70954    0.93630    0.93486    0.78095    0.47577    0.36762
  115     0.21402    0.38439    0.70950    0.93631    0.93479    0.78088    0.47575    0.36762
  116     0.21401    0.38516    0.70946    0.93613    0.93476    0.78088    0.47576    0.36762
  117     0.21401    0.38497    0.70959    0.93631    0.93475    0.78095    0.47580    0.36762
  118     0.21401    0.38469    0.70948    0.93607    0.93467    0.78096    0.47577    0.36762
  119     0.21401    0.38415    0.70951    0.93608    0.93468    0.78086    0.47581    0.36762
  120     0.21400    0.38408    0.70941    0.93590    0.93464    0.78078    0.47580    0.36762
  121     0.21400    0.38518    0.70932    0.93612    0.93457    0.78080    0.47581    0.36762
  122     0.21400    0.38450    0.70985    0.93632    0.93468    0.78098    0.47596    0.36762
  123     0.21400    0.38513    0.70946    0.93555    0.93454    0.78080    0.47584    0.36762
  124     0.21399    0.38480    0.70942    0.93555    0.93451    0.78090    0.47583    0.36762
  125     0.21399    0.38415    0.70934    0.93564    0.93447    0.78067    0.47583    0.36761
  126     0.21399    0.38441    0.70947    0.93620    0.93449    0.78087    0.47592    0.36761
